-2.77335 -2.77925 -2.80815 -2.87292 
-2.81289 -2.82217 -2.84208 -2.88898 
-2.84617 -2.83941 -2.85773 -2.89607 
-2.85698 -2.8525 -2.86505 -2.90139 
-2.86557 -2.85913 -2.8713 -2.89756 
-2.86899 -2.86442 -2.87154 -2.89602 
-2.87621 -2.87359 -2.87324 -2.89537 
-2.88037 -2.87108 -2.87189 -2.89362 
-2.88272 -2.87043 -2.87075 -2.89307 
-2.88256 -2.87039 -2.86937 -2.88838 
-2.88397 -2.86975 -2.87218 -2.88921 
-2.88474 -2.86855 -2.87368 -2.88538 
-2.88563 -2.86682 -2.86973 -2.88147 
-2.88622 -2.86563 -2.86827 -2.87829 
-2.88887 -2.86488 -2.86848 -2.87839 
-2.88712 -2.86502 -2.86765 -2.87752 
-2.88711 -2.86504 -2.86653 -2.87513 
-2.88713 -2.86368 -2.86607 -2.87374 
-2.88559 -2.86386 -2.86724 -2.87245 
-2.88782 -2.86419 -2.8668 -2.87066 
-2.88708 -2.86027 -2.86655 -2.86984 
