-2.72481 -2.7263 -2.79154 -2.85393 
-2.80175 -2.7692 -2.80092 -2.88274 
-2.81668 -2.80699 -2.83965 -2.89416 
-2.83652 -2.80851 -2.83936 -2.89618 
-2.83912 -2.82944 -2.84608 -2.89556 
-2.83872 -2.84111 -2.84603 -2.91954 
-2.83144 -2.82363 -2.86021 -2.90937 
-2.87013 -2.84828 -2.85412 -2.89923 
-2.85349 -2.85415 -2.84828 -2.91434 
-2.85644 -2.84019 -2.85938 -2.91535 
-2.86886 -2.83612 -2.86032 -2.90204 
-2.86108 -2.8321 -2.85523 -2.89414 
-2.85547 -2.84897 -2.84775 -2.89956 
-2.8682 -2.85135 -2.86355 -2.8761 
-2.85185 -2.82539 -2.85803 -2.88738 
-2.85542 -2.84566 -2.8495 -2.87752 
-2.86206 -2.83506 -2.85001 -2.88214 
-2.86876 -2.83729 -2.84062 -2.87861 
-2.85546 -2.81545 -2.85373 -2.87812 
-2.86308 -2.82461 -2.83346 -2.88509 
-2.85811 -2.84035 -2.83359 -2.88694 
