-10.302 -11.1209 -11.5216 -11.6009 -11.6983 -11.7501 -11.3394 -11.9748 -11.4884 -12.0056 -12.0753 
-11.9482 -11.5114 -12.3421 -12.303 -12.4053 -12.509 -12.4342 -12.6248 -12.7634 -12.503 -12.5989 
-12.1933 -12.921 -12.9523 -13.2903 -13.1235 -13.0504 -13.3707 -13.1688 -13.234 -13.6101 -13.2373 
-13.2316 -13.8379 -13.8635 -13.3977 -13.3824 -13.4743 -13.746 -13.7998 -14.0842 -13.5815 -13.6548 
-13.6074 -14.0527 -14.1054 -13.9589 -14.4905 -14.1391 -14.3061 -14.1871 -13.8547 -14.1232 -14.0514 
-14.481 -14.6887 -14.293 -14.3012 -14.6755 -14.1452 -14.2046 -14.279 -14.2817 -14.1749 -14.1624 
-14.4753 -14.5329 -14.313 -14.6053 -14.251 -14.132 -14.2916 -14.1431 -14.0961 -14.032 -14.0769 
-14.4577 -14.3347 -14.267 -14.0692 -13.9951 -13.9251 -13.9335 -13.9246 -13.8663 -13.655 -13.8548 
-14.2127 -14.0333 -13.8196 -13.3852 -13.6437 -13.13 -13.6309 -13.3487 -13.5271 -13.1249 -13.0606 
-14.2035 -12.8046 -13.6497 -12.4822 -12.854 -13.2881 -12.5636 -13.7371 -12.2489 -12.5615 -11.5727 
-13.1282 -12.2716 -12.7401 -11.9623 -11.6784 -12.2926 -12.1291 -10.9156 -11.9257 -10.6516 -10.4257 
