-16.5347 -16.5437 -16.0587 -16.7505 -17.4436 -17.4718 -17.3086 -16.8635 -17.3944 -17.7333 
-18.4036 -17.553 -17.9273 -18.6486 -18.4294 -17.9786 -18.3479 -18.9128 -17.5518 -17.7718 
-18.1985 -19.2505 -18.4344 -18.7568 -19.6182 -18.3609 -18.7707 -20.3247 -19.3872 -19.3786 
-20.3793 -19.9743 -20.0887 -19.5475 -20.0437 -20.0524 -20.7879 -19.7916 -20.1184 -20.0117 
-21.183 -21.25 -20.9442 -22.8438 -21.225 -21.5523 -20.7082 -23.6591 -20.6627 -24.2845 
-21.4522 -23.357 -21.5114 -22.5856 -22.9497 -22.9187 -23.3917 -22.4939 -22.1474 -23.0311 
-22.746 -22.7242 -24.2815 -24.0489 -23.1567 -22.9412 -25.2353 -24.9784 -23.6308 -23.5976 
-25.3188 -24.8012 -25.3887 -25.9604 -24.5329 -24.138 -24.9465 -25.2457 -24.1058 -25.3884 
-25.9871 -27.2517 -27.0372 -25.6519 -25.5824 -25.9083 -25.2548 -26.2294 -26.5871 -27.2177 
-27.1203 -26.3742 -27.5976 -27.4919 -26.8276 -28.0931 -27.1834 -26.8682 -27.5247 -26.7902 
-27.1618 -27.0159 -28.0275 -27.6277 -30.0299 -28.4858 -28.854 -29.2331 -29.6133 -28.5962 
