25.7409 25.7458 24.8905 25.5917 25.6618 25.6114 25.1103 25.6003 25.8324 25.8726 
25.817 26.3897 25.3989 25.817 25.7698 26.0619 26.1606 26.0483 26.0555 26.5402 
26.125 26.2083 26.2773 25.8392 26.5109 26.7192 26.4213 26.1224 25.894 26.6299 
26.3413 26.5838 26.4019 26.3656 27.4267 26.7207 26.8593 26.8782 26.7261 26.7081 
26.6114 27.3111 27.5853 27.9693 27.6036 27.5085 27.5642 27.585 27.224 27.0131 
27.1505 27.2496 27.9298 27.4839 27.8773 27.9608 28.2361 27.3235 27.7603 27.9108 
27.4739 28.644 28.5072 28.387 28.6811 28.4683 28.0297 28.621 28.8131 27.7978 
28.5691 28.8957 28.9936 28.4802 29.5892 29.0985 28.5958 29.1252 28.5707 28.2043 
29.5753 29.5644 29.7086 29.0649 29.2945 29.2021 29.1532 29.9233 29.7537 29.2191 
29.9278 29.9676 29.6975 29.3775 29.4382 29.5464 29.6715 30.3056 29.713 29.7532 
29.8094 29.5156 29.6059 30.8 30.131 30.4241 30.2173 30.2864 29.847 30.4463 
