85.3588 81.1912 80.0326 65.6889 114.836 98.6588 89.792 76.8385 93.2571 106.089 
123.558 77.8912 87.7722 108.525 91.2859 78.7786 101.411 106.17 83.9993 94.3172 
115.458 81.1933 86.9436 102.995 93.6595 95.4095 122.383 119.321 106.539 92.895 
118.586 105.834 132.697 86.8263 84.9621 90.8386 135.418 89.2657 101.155 93.7367 
114.538 121.472 99.4803 120.307 113.82 112.915 89.8352 292.169 122.125 164.162 
89.0067 120.207 107.459 153.546 137.322 135.45 140.455 101.611 111.914 167.899 
98.3431 111.005 158.912 158.858 120.27 95.0815 158.304 164.096 100.79 116.103 
128.357 176.97 180.549 193.597 139.286 112.573 259.103 126.837 115.356 118.54 
131.323 139.633 151.296 137.622 116.743 119.828 124.766 287.982 169.783 178.447 
136.637 126.868 160.926 187.925 139.354 190.848 126.778 131.866 161.229 205.133 
116.269 132.868 145.761 135.317 199.379 148.909 127.672 167.075 152.072 148.086 
