-122.644 -122.154 -123.312 -122.515 -122.061 -122.345 -122.928 -122.218 -122.487 -122.515 
-122.59 -122.639 -121.389 -122.401 -121.237 -122.101 -121.61 -121.764 -123.238 -121.922 
-121.604 -121.386 -120.582 -122.167 -121.14 -120.243 -121.379 -122.276 -121.793 -121.534 
-121.491 -121.046 -119.737 -119.059 -120.865 -121.678 -118.148 -122.174 -122.019 -122.143 
-117.355 -120.219 -120.413 -121.703 -122.61 -122.652 -122.038 -122.087 -121.168 -120.714 
-120.162 -119.654 -119.948 -118.811 -119.88 -119.452 -121.799 -117.696 -117.955 -120.656 
-116.75 -118.786 -119.82 -120.201 -122.167 -119.39 -119.855 -120.883 -119.189 -115.363 
-120.41 -121.571 -119.812 -118.618 -118.832 -118.352 -119.396 -120.594 -119.775 -120.915 
-120.669 -119.546 -120.132 -117.804 -117.821 -121.955 -118.98 -118.453 -121.493 -118.299 
-117.247 -122.035 -111.528 -114.396 -118.378 -118.835 -118.727 -118.651 -117.754 -120.868 
-112.052 -107.817 -118.869 -121.75 -113.971 -115.415 -117.279 -116.751 -108.552 -115.897 
