-211.033 -205.753 -204.997 -186.198 -246.629 -226.364 -215.433 -199.668 -219.989 -235.609 
-256.32 -201.897 -213.3 -237.897 -216.835 -202.345 -229.296 -234.599 -209.192 -221.428 
-247.147 -205.445 -213.222 -231.63 -219.59 -223.093 -254.505 -248.862 -235.064 -218.769 
-248.699 -234.541 -264.928 -213.318 -210.364 -217.041 -267.441 -215.683 -228.852 -220.296 
-243.837 -251.372 -227.469 -248.87 -242.952 -241.77 -216.989 -438.384 -252.905 -294.998 
-217.098 -248.773 -236.906 -285.513 -267.347 -265.717 -270.402 -229.277 -240.779 -300.299 
-227.022 -240.696 -289.203 -289.449 -249.763 -223.75 -287.673 -294.018 -228.806 -244.856 
-256.766 -307.431 -310.338 -323.164 -269.105 -242.297 -391.474 -255.544 -244.963 -246.83 
-260.291 -267.157 -279.43 -267.18 -246.101 -248.892 -254.867 -416.669 -298.055 -306.064 
-265.684 -257.053 -288.921 -315.146 -268.495 -317.295 -255.883 -261.246 -289.246 -332.753 
-247.506 -263.635 -274.684 -265.263 -323.451 -277.195 -256.613 -293.724 -278.85 -276.443 
