-0.00674207 -0.100345 -0.141432 -0.167322 -0.185026 -0.177233 -0.209963 -0.205926 -0.204351 -0.21275 -0.208801 
-0.0434243 -0.43159 -0.595467 -0.686427 -0.736505 -0.773768 -0.802896 -0.818625 -0.838255 -0.84907 -0.853982 
-0.385594 -0.938709 -1.11733 -1.20438 -1.27613 -1.32337 -1.35439 -1.38498 -1.41286 -1.42613 -1.44497 
-1.23065 -1.53057 -1.6786 -1.75473 -1.81644 -1.85971 -1.89384 -1.91707 -1.93809 -1.9561 -1.97353 
-1.94075 -2.11811 -2.2101 -2.27481 -2.31726 -2.35311 -2.38301 -2.40119 -2.41564 -2.42974 -2.44676 
-2.52964 -2.62826 -2.69505 -2.73665 -2.76936 -2.79143 -2.8095 -2.82625 -2.83958 -2.8494 -2.85731 
-3.01203 -3.06796 -3.111 -3.13359 -3.14934 -3.16676 -3.17529 -3.18251 -3.18739 -3.201 -3.20605 
-3.39887 -3.4335 -3.44591 -3.44954 -3.46372 -3.4717 -3.47228 -3.47283 -3.47064 -3.47278 -3.47461 
-3.69726 -3.69567 -3.68507 -3.68278 -3.6969 -3.69591 -3.68325 -3.68807 -3.69046 -3.66415 -3.6736 
-3.90257 -3.87155 -3.86378 -3.84292 -3.83602 -3.80752 -3.81489 -3.81889 -3.81664 -3.80425 -3.79461 
-3.99473 -3.99054 -3.9503 -3.93712 -3.90249 -3.90658 -3.87773 -3.86048 -3.82949 -3.83957 -3.87603 
