0 42312 
0.0247525 230898 
0.049505 378179 
0.0742574 500469 
0.0990099 535983 
0.123762 471187 
0.148515 441724 
0.173267 403523 
0.19802 353356 
0.222772 329422 
0.247525 299968 
0.272277 289219 
0.29703 287018 
0.321782 292619 
0.346535 302064 
0.371287 315295 
0.39604 332394 
0.420792 348848 
0.445545 365586 
0.470297 382711 
0.49505 398364 
0.519802 410350 
0.544554 422602 
0.569307 428911 
0.594059 437937 
0.618812 441559 
0.643564 445718 
0.668317 444258 
0.693069 443896 
0.717822 440136 
0.742574 434433 
0.767327 427087 
0.792079 418303 
0.816832 408952 
0.841584 396956 
0.866337 384241 
0.891089 374158 
0.915842 360058 
0.940594 344601 
0.965347 333518 
0.990099 317589 
1.01485 305568 
1.0396 291661 
1.06436 278184 
1.08911 257970 
1.11386 249821 
1.13861 234654 
1.16337 221617 
1.18812 208492 
1.21287 194053 
1.23762 183064 
1.26238 170808 
1.28713 159438 
1.31188 149566 
1.33663 138219 
1.36139 128689 
1.38614 119846 
1.41089 110933 
1.43564 101998 
1.4604 95682 
1.48515 88020 
1.5099 81067 
1.53465 74222 
1.55941 68709 
1.58416 62642 
1.60891 57847 
1.63366 52250 
1.65842 47252 
1.68317 43310 
1.70792 39836 
1.73267 36615 
1.75743 32786 
1.78218 30447 
1.80693 27147 
1.83168 24652 
1.85644 22756 
1.88119 20522 
1.90594 17950 
1.93069 16446 
1.95545 14518 
1.9802 13070 
2.00495 11975 
2.0297 10768 
2.05446 9646 
2.07921 8676 
2.10396 7617 
2.12871 6597 
2.15347 5956 
2.17822 5488 
2.20297 5020 
2.22772 4585 
2.25248 3936 
2.27723 3496 
2.30198 3192 
2.32673 2627 
2.35149 2524 
2.37624 2213 
2.40099 1975 
2.42574 1822 
2.4505 1424 
2.47525 1303 

