1.000000000000000048e-04
1.595000000000000064e-03
3.089999999999999865e-03
4.585000000000000533e-03
6.080000000000000335e-03
7.575000000000000136e-03
9.069999999999999937e-03
1.056499999999999974e-02
1.205999999999999954e-02
1.355499999999999934e-02
1.504999999999999914e-02
1.654500000000000068e-02
1.804000000000000048e-02
1.953500000000000028e-02
2.103000000000000008e-02
2.252499999999999988e-02
2.401999999999999968e-02
2.551499999999999949e-02
2.700999999999999929e-02
2.850499999999999909e-02
2.999999999999999889e-02
