1.099999999999999936e-02
1.200000000000000025e-02
1.299999999999999940e-02
1.399999999999999856e-02
1.499999999999999944e-02
1.600000000000000033e-02
1.700000000000000122e-02
1.799999999999999864e-02
1.899999999999999953e-02
2.000000000000000042e-02
2.099999999999999784e-02
2.199999999999999872e-02
2.299999999999999961e-02
2.400000000000000050e-02
2.500000000000000139e-02
2.599999999999999881e-02
2.699999999999999969e-02
2.800000000000000058e-02
2.900000000000000147e-02
2.999999999999999889e-02
3.099999999999999978e-02
