-127.947 -127.073 -126.744 -127.19 
-127.7 -127.118 -126.217 -127.649 
-127.618 -127.319 -127.134 -127.504 
-127.428 -127.422 -127.559 -127.682 
-127.886 -127.441 -126.769 -127.565 
-127.669 -127.171 -127.016 -127.429 
-127.626 -126.726 -127.6 -127.069 
-128.037 -126.814 -127.236 -127.85 
-128.048 -127.026 -126.943 -127.358 
-127.814 -126.563 -127.378 -127.398 
-127.641 -127.281 -126.907 -127.552 
-127.576 -127.51 -127.635 -127.795 
-127.98 -127.308 -127.682 -127.46 
-128.276 -127.226 -127.068 -127.361 
-127.641 -127.418 -127.452 -127.766 
-127.813 -127.298 -128.016 -127.88 
-128.086 -127.673 -127.719 -127.662 
-128.308 -127.553 -127.844 -127.66 
-128.547 -127.045 -128.015 -127.572 
-128.112 -127.513 -127.862 -128.372 
-128.365 -127.444 -127.345 -128.054 
