8.500000000000000000e+00
8.657894736842104422e+00
8.815789473684210620e+00
8.973684210526315042e+00
9.131578947368421240e+00
9.289473684210525661e+00
9.447368421052631859e+00
9.605263157894736281e+00
9.763157894736842479e+00
9.921052631578946901e+00
1.007894736842105310e+01
1.023684210526315752e+01
1.039473684210526372e+01
1.055263157894736814e+01
1.071052631578947256e+01
1.086842105263157876e+01
1.102631578947368496e+01
1.118421052631578938e+01
1.134210526315789380e+01
1.150000000000000000e+01
