1.000000000000000021e-02
4.110526315789473500e-02
7.221052631578947500e-02
1.033157894736842081e-01
1.344210526315789411e-01
1.655263157894736881e-01
1.966315789473684350e-01
2.277368421052631542e-01
2.588421052631578734e-01
2.899473684210526203e-01
3.210526315789473673e-01
3.521578947368421142e-01
3.832631578947368611e-01
4.143684210526316081e-01
4.454736842105262995e-01
4.765789473684210464e-01
5.076842105263157379e-01
5.387894736842104848e-01
5.698947368421052317e-01
6.009999999999999787e-01
