-1.198059999999999974e+02 -1.207650000000000006e+02 -1.194939999999999998e+02 -1.239989999999999952e+02 -1.203160000000000025e+02 -1.210229999999999961e+02 -1.239519999999999982e+02 -1.238349999999999937e+02 -1.244680000000000035e+02 -1.268269999999999982e+02
-1.230390000000000015e+02 -1.204350000000000023e+02 -1.213559999999999945e+02 -1.246189999999999998e+02 -1.250090000000000003e+02 -1.267229999999999990e+02 -1.225460000000000065e+02 -1.265840000000000032e+02 -1.274219999999999970e+02 -1.252800000000000011e+02
-1.227740000000000009e+02 -1.241949999999999932e+02 -1.282119999999999891e+02 -1.269770000000000039e+02 -1.240139999999999958e+02 -1.282549999999999955e+02 -1.230829999999999984e+02 -1.266949999999999932e+02 -1.270810000000000031e+02 -1.256919999999999931e+02
-1.136389999999999958e+02 -1.262650000000000006e+02 -1.254300000000000068e+02 -1.260849999999999937e+02 -1.280910000000000082e+02 -1.254369999999999976e+02 -1.254710000000000036e+02 -1.258670000000000044e+02 -1.258439999999999941e+02 -1.249140000000000015e+02
-1.241460000000000008e+02 -1.257830000000000013e+02 -1.243870000000000005e+02 -1.281140000000000043e+02 -1.219489999999999981e+02 -1.264950000000000045e+02 -1.277489999999999952e+02 -1.269959999999999951e+02 -1.259620000000000033e+02 -1.258520000000000039e+02
-1.250879999999999939e+02 -1.234009999999999962e+02 -1.245829999999999984e+02 -1.269120000000000061e+02 -1.269090000000000060e+02 -1.264789999999999992e+02 -1.263599999999999994e+02 -1.256899999999999977e+02 -1.264039999999999964e+02 -1.260229999999999961e+02
-1.269500000000000028e+02 -1.278289999999999935e+02 -1.181899999999999977e+02 -1.277409999999999997e+02 -1.270469999999999970e+02 -1.271820000000000022e+02 -1.264699999999999989e+02 -1.270250000000000057e+02 -1.256590000000000060e+02 -1.252420000000000044e+02
-1.269729999999999990e+02 -1.237349999999999994e+02 -1.288429999999999893e+02 -1.280200000000000102e+02 -1.273319999999999936e+02 -1.274369999999999976e+02 -1.272830000000000013e+02 -1.270439999999999969e+02 -1.265589999999999975e+02 -1.252210000000000036e+02
-1.279219999999999970e+02 -1.264320000000000022e+02 -1.282779999999999916e+02 -1.201069999999999993e+02 -1.279150000000000063e+02 -1.209380000000000024e+02 -1.266710000000000065e+02 -1.209509999999999934e+02 -1.189759999999999991e+02 -1.240990000000000038e+02
-1.270210000000000008e+02 -1.279140000000000015e+02 -1.284120000000000061e+02 -1.276219999999999999e+02 -1.265990000000000038e+02 -1.233269999999999982e+02 -1.247960000000000065e+02 -1.255199999999999960e+02 -1.259729999999999990e+02 -1.238299999999999983e+02
