1.000000000000000048e-04
1.009999999999999960e-02
2.009999999999999981e-02
3.009999999999999828e-02
4.010000000000000370e-02
5.010000000000000564e-02
6.010000000000000064e-02
7.010000000000000953e-02
8.010000000000000453e-02
9.009999999999999953e-02
1.001000000000000084e-01
1.101000000000000034e-01
1.200999999999999984e-01
1.300999999999999934e-01
1.401000000000000023e-01
1.500999999999999834e-01
1.600999999999999923e-01
1.701000000000000012e-01
1.800999999999999823e-01
1.900999999999999912e-01
2.001000000000000001e-01
