-14.1875 -13.9268 -14.6559 -14.9679 
-13.8548 -12.9664 -14.5938 -14.5644 
-14.1138 -13.0854 -14.6394 -14.6646 
-14.3039 -13.151 -14.5339 -14.8093 
-14.2065 -14.1713 -14.557 -14.5816 
-14.0281 -13.9732 -14.7054 -14.5984 
-14.0158 -14.0197 -14.5945 -14.5948 
-14.1439 -13.0522 -14.7903 -14.5362 
-14.1556 -13.0631 -14.6186 -14.5389 
-14.0875 -13.9858 -14.5621 -14.5452 
-14.0907 -13.8974 -14.7147 -14.46 
-14.2112 -13.8645 -14.6987 -14.4386 
-14.017 -13.8318 -14.6563 -14.571 
-13.9628 -14.1016 -14.5739 -14.6849 
-14.1914 -13.7955 -14.7162 -14.6834 
-14.1047 -14.1339 -14.7869 -14.6131 
-14.079 -13.0889 -14.7811 -14.5712 
-14.0033 -13.16 -14.8345 -14.5439 
-14.1841 -14.1748 -14.6893 -14.5502 
-14.1933 -13.9139 -14.7956 -14.5713 
-14.3122 -13.8974 -14.8535 -14.6887 
