-14.1831 -14.2673 -14.0801 -14.2291 -14.1208 -14.1724 -14.2088 -14.1315 -14.0023 -14.2069 -14.1668 -14.2617 -14.1339 -14.1941 -14.2388 -14.1505 -14.1785 -14.1888 -14.1984 -14.1971 -14.1383 -14.2103 -14.1803 -14.1741 -14.2441 -14.1847 -14.1924 -14.211 -14.2235 -14.1752 -14.1449 -14.187 -14.267 -14.11 -14.1292 -14.2113 -14.1376 -14.2506 -14.0657 -14.2066 
-14.2583 -14.3496 -14.1811 -14.3161 -14.2167 -14.245 -14.2708 -14.2296 -14.2041 -14.2681 -14.2369 -14.2998 -14.2114 -14.2126 -14.3309 -14.2274 -14.1589 -14.2504 -14.2282 -14.2846 -14.205 -14.2723 -14.278 -14.3195 -14.3553 -14.2802 -14.2532 -14.2796 -14.297 -14.2679 -14.2663 -14.2549 -14.2704 -14.2152 -14.2113 -14.2771 -14.2056 -14.3407 -14.1662 -14.2656 
-14.3007 -14.3787 -14.1928 -14.323 -14.2817 -14.311 -14.3354 -14.1986 -14.2405 -14.26 -14.2781 -14.3476 -14.2591 -14.2796 -14.367 -14.2785 -14.285 -14.3332 -14.2813 -14.3252 -14.2539 -14.3372 -14.3117 -14.3614 -14.4034 -14.3321 -14.2907 -14.2186 -14.3055 -14.3204 -14.3138 -14.3057 -14.3697 -14.2576 -14.2984 -14.3204 -14.2505 -14.3364 -14.2347 -14.3305 
-14.3101 -14.377 -14.2317 -14.3487 -14.223 -14.3385 -14.3361 -14.3051 -14.2869 -14.2795 -14.3311 -14.3574 -14.2953 -14.3041 -14.3923 -14.2893 -14.3062 -14.3027 -14.3291 -14.3753 -14.2331 -14.3806 -14.3402 -14.3889 -14.4264 -14.3641 -14.3192 -14.2745 -14.3075 -14.3676 -14.3261 -14.3124 -14.408 -14.3046 -14.3118 -14.3665 -14.2882 -14.3629 -14.2548 -14.3536 
-14.3406 -14.4142 -14.2447 -14.4087 -14.3433 -14.3321 -14.3529 -14.2411 -14.3358 -14.3227 -14.3065 -14.3168 -14.3404 -14.3353 -14.3661 -14.3099 -14.3029 -14.3088 -14.3161 -14.4006 -14.2955 -14.4115 -14.345 -14.3842 -14.4414 -14.3768 -14.3058 -14.2803 -14.3272 -14.3584 -14.3674 -14.326 -14.3995 -14.308 -14.3333 -14.4021 -14.2956 -14.4007 -14.2828 -14.3725 
-14.3266 -14.4173 -14.2634 -14.391 -14.3602 -14.3381 -14.3469 -14.3343 -14.3089 -14.329 -14.3176 -14.3423 -14.33 -14.3009 -14.4057 -14.3159 -14.3223 -14.3244 -14.3382 -14.3825 -14.2798 -14.4073 -14.3457 -14.3858 -14.3381 -14.3978 -14.346 -14.3351 -14.332 -14.3837 -14.3627 -14.329 -14.3752 -14.3258 -14.3462 -14.4059 -14.3038 -14.3867 -14.2982 -14.3695 
-14.3725 -14.4367 -14.2931 -14.3991 -14.3066 -14.3524 -14.3619 -14.2648 -14.312 -14.3407 -14.3318 -14.313 -14.3461 -14.3397 -14.3932 -14.3351 -14.3192 -14.332 -14.3108 -14.3948 -14.2942 -14.4232 -14.3327 -14.3948 -14.4184 -14.4089 -14.2734 -14.3241 -14.3177 -14.3787 -14.3669 -14.3376 -14.4286 -14.3423 -14.3655 -14.4311 -14.2498 -14.3657 -14.2833 -14.3567 
-14.337 -14.4192 -14.3113 -14.416 -14.3159 -14.3487 -14.3583 -14.3607 -14.3407 -14.309 -14.3396 -14.3541 -14.3112 -14.3611 -14.4239 -14.3264 -14.3251 -14.3197 -14.3243 -14.3981 -14.3246 -14.435 -14.3495 -14.393 -14.4273 -14.4219 -14.2856 -14.3342 -14.3795 -14.3712 -14.3917 -14.3333 -14.4264 -14.3376 -14.3662 -14.4401 -14.3155 -14.3929 -14.2926 -14.3696 
-14.3307 -14.42 -14.338 -14.3965 -14.3144 -14.3537 -14.3541 -14.2726 -14.3321 -14.3319 -14.3309 -14.3374 -14.2655 -14.3516 -14.3559 -14.3361 -14.3394 -14.3208 -14.3346 -14.3931 -14.3371 -14.3656 -14.3718 -14.3962 -14.4283 -14.413 -14.2691 -14.2875 -14.3287 -14.373 -14.4331 -14.347 -14.3948 -14.3445 -14.3743 -14.3634 -14.3129 -14.3759 -14.3336 -14.3636 
-14.3161 -14.3627 -14.3024 -14.382 -14.3472 -14.3525 -14.3607 -14.2681 -14.2984 -14.3195 -14.3533 -14.3487 -14.3298 -14.3449 -14.3594 -14.3281 -14.3177 -14.3211 -14.3178 -14.3955 -14.3164 -14.3438 -14.3276 -14.3914 -14.398 -14.4344 -14.2414 -14.3983 -14.3313 -14.3789 -14.4434 -14.3294 -14.4336 -14.3246 -14.3681 -14.4458 -14.2438 -14.3626 -14.3062 -14.3848 
-14.3158 -14.4157 -14.2783 -14.373 -14.324 -14.3345 -14.394 -14.2745 -14.3125 -14.3135 -14.3005 -14.3576 -14.3503 -14.3506 -14.3742 -14.3167 -14.2992 -14.3184 -14.2899 -14.374 -14.3212 -14.3975 -14.2947 -14.3786 -14.3873 -14.4258 -14.3276 -14.2976 -14.3344 -14.3697 -14.442 -14.3254 -14.282 -14.3343 -14.3543 -14.4499 -14.2472 -14.3698 -14.3036 -14.383 
-14.3139 -14.4035 -14.2987 -14.3767 -14.3399 -14.3288 -14.3641 -14.3239 -14.3171 -14.3118 -14.3394 -14.2851 -14.3182 -14.3395 -14.3781 -14.327 -14.2853 -14.3219 -14.3561 -14.4084 -14.3813 -14.3317 -14.3468 -14.3582 -14.3615 -14.4376 -14.2506 -14.2927 -14.3213 -14.3336 -14.4227 -14.3377 -14.3625 -14.3149 -14.3625 -14.4484 -14.2344 -14.3615 -14.29 -14.3708 
-14.2874 -14.3911 -14.3013 -14.3693 -14.3309 -14.3231 -14.3891 -14.286 -14.3295 -14.3561 -14.2953 -14.3141 -14.2818 -14.3347 -14.3829 -14.3124 -14.2763 -14.2996 -14.2797 -14.3662 -14.3295 -14.4077 -14.3258 -14.3641 -14.3707 -14.4294 -14.2488 -14.2688 -14.3539 -14.3762 -14.4352 -14.353 -14.3696 -14.3182 -14.3628 -14.4432 -14.2961 -14.3468 -14.3044 -14.3096 
-14.2933 -14.3879 -14.291 -14.334 -14.3205 -14.3242 -14.3303 -14.3195 -14.3484 -14.2626 -14.3261 -14.2693 -14.321 -14.3307 -14.343 -14.3141 -14.2783 -14.296 -14.3054 -14.3698 -14.3423 -14.3988 -14.2964 -14.3446 -14.3593 -14.4215 -14.237 -14.2464 -14.3414 -14.3531 -14.3344 -14.3453 -14.4206 -14.2607 -14.3472 -14.4354 -14.2301 -14.3318 -14.2997 -14.3678 
-14.2942 -14.3348 -14.2685 -14.3693 -14.3225 -14.307 -14.3849 -14.3092 -14.3032 -14.3257 -14.324 -14.288 -14.2786 -14.3216 -14.3584 -14.3255 -14.2408 -14.2842 -14.2546 -14.3758 -14.3248 -14.3592 -14.3085 -14.3454 -14.3755 -14.4181 -14.3013 -14.3063 -14.3364 -14.3521 -14.3422 -14.3037 -14.4126 -14.3214 -14.3586 -14.3374 -14.2218 -14.3302 -14.2882 -14.3582 
-14.2584 -14.3737 -14.2492 -14.2766 -14.3146 -14.2947 -14.3817 -14.2607 -14.3654 -14.2679 -14.3357 -14.3073 -14.2986 -14.3163 -14.3342 -14.2778 -14.2035 -14.2699 -14.3126 -14.327 -14.3424 -14.3596 -14.2856 -14.3264 -14.3832 -14.4126 -14.2925 -14.3204 -14.2944 -14.2999 -14.4262 -14.3063 -14.3194 -14.305 -14.3417 -14.4364 -14.2791 -14.3405 -14.2779 -14.3586 
-14.2637 -14.3052 -14.3194 -14.2747 -14.3082 -14.2936 -14.3258 -14.2551 -14.2684 -14.267 -14.2666 -14.3118 -14.2904 -14.2981 -14.3477 -14.2787 -14.2009 -14.2614 -14.3087 -14.3585 -14.3214 -14.3861 -14.3026 -14.3026 -14.3647 -14.4147 -14.2852 -14.2947 -14.2714 -14.3432 -14.3258 -14.2871 -14.3747 -14.2961 -14.3484 -14.429 -14.2126 -14.3205 -14.2801 -14.3463 
-14.2419 -14.2859 -14.2635 -14.3405 -14.3089 -14.2861 -14.3603 -14.2518 -14.3169 -14.2443 -14.3636 -14.2964 -14.3018 -14.2946 -14.2639 -14.3065 -14.2638 -14.2684 -14.3051 -14.3589 -14.3169 -14.3704 -14.2649 -14.3189 -14.3425 -14.406 -14.2083 -14.2651 -14.2701 -14.2758 -14.3286 -14.2419 -14.2954 -14.2818 -14.3271 -14.4278 -14.203 -14.3058 -14.2887 -14.2832 
-14.1788 -14.2798 -14.2347 -14.2953 -14.2946 -14.2766 -14.2949 -14.2837 -14.2645 -14.2382 -14.3025 -14.2916 -14.2455 -14.2987 -14.309 -14.2656 -14.1836 -14.2497 -14.2946 -14.3219 -14.3001 -14.3756 -14.329 -14.3072 -14.2792 -14.4073 -14.1965 -14.2638 -14.3067 -14.3021 -14.2779 -14.3024 -14.3514 -14.273 -14.3069 -14.4207 -14.1876 -14.2896 -14.2766 -14.3317 
-14.2368 -14.2674 -14.2822 -14.2627 -14.2916 -14.2688 -14.2958 -14.2584 -14.3551 -14.2157 -14.308 -14.2353 -14.2371 -14.2927 -14.2576 -14.247 -14.2206 -14.2283 -14.307 -14.3339 -14.3201 -14.3641 -14.2941 -14.2865 -14.2686 -14.3965 -14.2672 -14.2545 -14.305 -14.2513 -14.2694 -14.3125 -14.3463 -14.2876 -14.2982 -14.4219 -14.1905 -14.2804 -14.2644 -14.3181 
-14.2178 -14.2682 -14.2134 -14.3062 -14.283 -14.2231 -14.3239 -14.2428 -14.2344 -14.2629 -14.3438 -14.237 -14.2629 -14.2638 -14.2946 -14.248 -14.199 -14.2302 -14.2835 -14.3058 -14.3047 -14.3546 -14.2683 -14.294 -14.2636 -14.3876 -14.244 -14.2393 -14.2478 -14.2902 -14.3475 -14.2908 -14.2779 -14.2109 -14.2882 -14.4056 -14.244 -14.2671 -14.254 -14.2788 
