-12.7051 -13.3502 -12.1995 -12.7905 -12.4942 -13.6523 -13.4908 -13.5649 -13.346 -13.0432 -13.2999 -13.2221 -13.387 -12.573 -13.9054 -13.1271 -12.5915 -13.0709 -13.4338 -12.9381 -12.689 -13.1528 -13.5594 -13.6233 -13.1978 -12.4331 -12.5196 -12.9378 -12.7156 -12.3531 -13.3608 -13.0839 -13.2739 -13.3704 -12.7289 -12.3216 -12.8055 -12.831 -13.0066 -13.2952 
-13.1745 -13.6953 -12.8173 -13.6269 -13.1904 -14.158 -13.852 -13.9518 -13.8731 -13.7322 -13.9704 -12.9635 -13.606 -13.2506 -13.7947 -13.6315 -13.5511 -13.7274 -13.6557 -13.785 -13.3277 -13.5565 -13.8005 -13.9301 -13.6133 -12.94 -13.1741 -13.2599 -13.3187 -12.8612 -13.6859 -13.7484 -13.6133 -13.5605 -13.3471 -13.1879 -12.6655 -13.3923 -13.6446 -13.9335 
-13.6749 -14.046 -13.322 -14.0034 -13.7766 -13.9686 -13.9228 -14.334 -14.451 -14.0215 -13.8676 -13.6454 -14.1121 -13.4955 -14.4566 -13.7582 -13.5878 -13.7741 -14.2233 -13.8453 -13.857 -13.878 -14.2129 -14.073 -13.5557 -13.6495 -14.0401 -13.5634 -13.4101 -13.6427 -13.8691 -13.5616 -14.0917 -14.0576 -13.5634 -13.2756 -13.6711 -13.7 -13.9684 -14.0598 
-13.9013 -14.3351 -13.7579 -14.3605 -13.998 -14.1377 -14.1805 -14.0369 -14.5012 -14.3277 -14.1293 -13.6634 -9.8932 -13.705 -14.2589 -14.27 -14.1241 -14.1015 -14.4657 -14.1503 -14.1599 -14.0743 -14.335 -14.2977 -13.9001 -13.901 -14.3399 -13.8652 -13.7498 -14.0044 -14.022 -13.9125 -14.2013 -14.1259 -13.902 -13.6525 -13.9258 -13.8996 -14.2812 -14.1825 
-14.1471 -14.5716 -14.2192 -14.1316 -13.8684 -14.5506 -14.3888 -14.4521 -14.6584 -14.4292 -14.3043 -14.1708 -14.5747 -14.1689 -14.7304 -13.9933 -14.0805 -14.2363 -14.5803 -14.2533 -14.382 -14.231 -14.3332 -14.3409 -14.0212 -14.2672 -14.4662 -14.0766 -13.9639 -14.2642 -14.1539 -14.0141 -14.1713 -14.2827 -14.3656 -13.8262 -14.116 -14.3527 -14.3911 -13.9962 
-14.1943 -14.6091 -14.3108 -14.1583 -14.0754 -14.473 -14.4126 -14.4235 -14.7085 -14.4061 -14.1338 -14.1138 -9.77552 -13.7738 1.86312 0.762279 -22.6798 -11.0441 -21.3243 -15.1661 -14.5618 -14.2188 -14.3449 -14.3268 -14.4767 -13.9745 -14.0817 -14.0013 -14.1802 -13.9379 -14.2885 -14.1095 -14.1826 -14.3188 -14.4041 -14.0399 -14.1118 -14.4192 -14.5512 -14.2259 
-14.179 -14.5384 -14.3679 -14.1703 -14.1957 -14.4632 -14.3039 -14.3023 -14.6823 -14.3177 -14.0306 -14.2203 -14.6883 -14.534 -14.3008 -14.3333 -14.4491 -14.4317 -14.4826 -14.3598 -14.6199 -14.1477 -14.269 -14.2524 -14.4432 -13.965 -14.1587 -13.9829 -14.1421 -14.0393 -14.0563 -14.1017 -14.2326 -14.3595 -14.4303 -14.3878 -14.0854 -14.3476 -14.5355 -14.4477 
-14.1101 -14.4323 -14.3324 -14.5109 -14.2135 -14.0743 -14.1 -14.0811 -14.1847 -14.0468 -13.8874 -14.2339 -14.6801 -14.5721 -14.1284 -14.1216 -14.3532 -14.3907 -14.3128 -14.3012 -14.5474 -13.9833 -14.0319 -14.0664 -14.297 -13.8877 -14.1095 -13.8932 -14.0362 -13.7802 -13.8396 -13.9992 -14.1969 -14.291 -14.3808 -14.3916 -14.1687 -14.2905 -14.4343 -14.3134 
-13.9297 -14.1166 -14.2114 -14.3674 -14.1294 -13.8619 -13.844 -13.8532 -14.0202 -13.7645 -13.6474 -14.1092 -14.5889 -14.5003 -13.8347 -13.7804 -14.159 -14.1824 -14.1974 -14.2584 -14.4047 -13.7891 -13.7487 -13.8076 -14.1374 -13.6947 -14.0202 -13.7051 -13.8026 -13.7122 -13.9872 -13.894 -13.7982 -13.7723 -14.0031 -14.1228 -13.5758 -14.0613 -14.5469 -14.1706 
-13.7071 -13.7606 -14.074 -14.008 -13.9227 -13.6111 -13.4739 -13.5138 -13.7298 -13.44 -13.2773 -13.9273 -14.1546 -14.6234 -13.6306 -13.387 -13.4196 -13.5938 -13.8728 -14.0222 -14.1709 -13.415 -13.3771 -13.5603 -13.8762 -13.4121 -13.8166 -13.3931 -13.4808 -13.6783 -13.6846 -13.5094 -13.7157 -13.5087 -13.739 -13.9565 -13.9337 -13.9222 -13.797 -13.6392 
-13.2091 -13.2888 -13.791 -13.5828 -13.6492 -13.2401 -13.1102 -13.1323 -13.355 -12.958 -12.8729 -13.5673 -13.8881 -14.6149 -12.8712 -12.8542 -13.4672 -13.7388 -13.3277 -13.2204 -13.9275 -13.0447 -12.9785 -13.1478 -13.534 -13.0176 -13.6846 -12.9178 -13.0531 -13.1475 -13.2894 -13.095 -13.204 -12.9723 -13.1517 -13.6763 -14.0242 -13.2014 -13.9988 -13.634 
