1.000000000000000056e-01
1.950000000000000067e-01
2.900000000000000355e-01
3.850000000000000089e-01
4.799999999999999822e-01
5.749999999999999556e-01
6.700000000000000400e-01
7.650000000000000133e-01
8.599999999999999867e-01
9.549999999999999600e-01
1.050000000000000044e+00
1.145000000000000018e+00
1.240000000000000213e+00
1.335000000000000187e+00
1.430000000000000160e+00
1.525000000000000133e+00
1.620000000000000107e+00
1.715000000000000080e+00
1.810000000000000053e+00
1.905000000000000027e+00
2.000000000000000000e+00
