1.000000000000000056e-01
1.990000000000000102e-01
2.980000000000000426e-01
3.970000000000000195e-01
4.959999999999999964e-01
5.949999999999999734e-01
6.940000000000000613e-01
7.930000000000000382e-01
8.920000000000000151e-01
9.909999999999999920e-01
1.090000000000000080e+00
1.189000000000000057e+00
1.288000000000000256e+00
1.387000000000000233e+00
1.486000000000000210e+00
1.585000000000000187e+00
1.684000000000000163e+00
1.783000000000000140e+00
1.882000000000000117e+00
1.981000000000000094e+00
2.080000000000000071e+00
2.179000000000000270e+00
2.278000000000000025e+00
2.377000000000000224e+00
2.476000000000000423e+00
2.575000000000000178e+00
2.674000000000000377e+00
2.773000000000000131e+00
2.872000000000000330e+00
2.971000000000000085e+00
3.070000000000000284e+00
3.169000000000000039e+00
3.268000000000000238e+00
3.367000000000000437e+00
3.466000000000000192e+00
3.565000000000000391e+00
3.664000000000000146e+00
3.763000000000000345e+00
3.862000000000000099e+00
3.961000000000000298e+00
4.059999999999999609e+00
4.158999999999999808e+00
4.258000000000000007e+00
4.357000000000000206e+00
4.455999999999999517e+00
4.554999999999999716e+00
4.653999999999999915e+00
4.753000000000000114e+00
4.852000000000000313e+00
4.950999999999999623e+00
5.049999999999999822e+00
5.149000000000000021e+00
5.248000000000000220e+00
5.346999999999999531e+00
5.445999999999999730e+00
5.544999999999999929e+00
5.644000000000000128e+00
5.743000000000000327e+00
5.841999999999999638e+00
5.940999999999999837e+00
6.040000000000000036e+00
6.139000000000000234e+00
6.237999999999999545e+00
6.336999999999999744e+00
6.435999999999999943e+00
6.535000000000000142e+00
6.634000000000000341e+00
6.732999999999999652e+00
6.831999999999999851e+00
6.931000000000000050e+00
7.030000000000000249e+00
7.128999999999999559e+00
7.227999999999999758e+00
7.326999999999999957e+00
7.426000000000000156e+00
7.525000000000000355e+00
7.623999999999999666e+00
7.722999999999999865e+00
7.822000000000000064e+00
7.921000000000000263e+00
8.019999999999999574e+00
8.118999999999999773e+00
8.217999999999999972e+00
8.317000000000000171e+00
8.416000000000000369e+00
8.515000000000000568e+00
8.614000000000000767e+00
8.712999999999999190e+00
8.811999999999999389e+00
8.910999999999999588e+00
9.009999999999999787e+00
9.108999999999999986e+00
9.208000000000000185e+00
9.307000000000000384e+00
9.406000000000000583e+00
9.505000000000000782e+00
9.604000000000000981e+00
9.702999999999999403e+00
9.801999999999999602e+00
9.900999999999999801e+00
1.000000000000000000e+01
