-147.752 -125.617 -123.374 -126.594 
-128.734 -125.789 -118.699 -125.823 
-130.622 -125.86 -119.119 -128.15 
-126.509 -131.71 -119.165 -126.002 
-126.513 -139.624 -119.498 -124.014 
-125.243 -119.984 -121.831 -127.215 
-124.405 -125.72 -121.751 -130.42 
-124.677 -117.515 -121.994 -123.075 
-123.128 -126.745 -122.694 -124.915 
-126.182 -123.794 -119.331 -124.923 
-127.33 -123.609 -121.804 -129.03 
-121.433 -120.937 -123.165 -121.05 
-121.454 -124.328 -120.079 -120.985 
-121.826 -118.483 -124.976 -121.372 
-122.772 -122.316 -119.307 -122.068 
-123.85 -122.082 -119.889 -119.36 
-121.475 -122.386 -125.974 -124.161 
-122.472 -124.069 -121.95 -125.118 
-124.615 -123.763 -122.3 -120.726 
-124.223 -124.093 -121.913 -119.744 
-124.141 -123.723 -119.834 -118.851 
-120.878 -119.028 -125.902 -123.275 
-122.706 -118.945 -122.416 -122.298 
-123.085 -118.778 -126.785 -125.717 
-122.156 -121.182 -122.409 -127.991 
-124.635 -121.544 -120.83 -126.132 
-127.268 -120.469 -119.326 -122.452 
-128.181 -120.56 -119.817 -122.381 
-126.462 -122.715 -118.317 -122.314 
-120.527 -122.652 -117.578 -122.239 
-120.335 -124.056 -120.327 -121.795 
-130.822 -122.143 -119.612 -120.922 
-130.767 -121.776 -119.274 -120.869 
-122.913 -121.717 -119.245 -121.083 
-123.965 -121.685 -119.346 -116.361 
-123.836 -121.548 -120.793 -118.266 
-123.276 -118.798 -118.414 -127.798 
-124.746 -121.221 -119.127 -127.748 
-124.703 -122.399 -119.868 -120.829 
-122.104 -123.673 -119.839 -122.836 
-122.043 -120.748 -119.812 -123.166 
-122.004 -120.285 -119.785 -123.132 
-121.626 -120.89 -119.898 -122.378 
-122.858 -120.838 -119.879 -124.621 
-122.815 -119.764 -120.32 -124.193 
-120.924 -119.267 -120.299 -132.479 
-121.303 -120.683 -117.928 -132.449 
-121.277 -120.657 -120.28 -119.276 
-121.227 -118.346 -117.095 -119.25 
-121.203 -116.394 -117.352 -121.95 
-121.179 -116.374 -117.338 -121.925 
-121.157 -118.829 -122.298 -124.375 
-121.136 -117.963 -119.803 -123.104 
-123.478 -118.167 -118.483 -123.079 
-123.458 -116.605 -118.468 -123.055 
-123.439 -116.587 -118.453 -123.032 
-123.42 -116.571 -118.439 -123.01 
-123.403 -116.554 -125.772 -123.348 
-123.385 -117.313 -125.753 -123.327 
-117.221 -115.643 -125.735 -123.308 
-117.203 -118.816 -125.817 -127.117 
-117.949 -118.74 -121.504 -127.099 
-117.931 -118.727 -121.489 -128.312 
-117.913 -120.259 -121.475 -122.402 
-121.324 -120.244 -121.46 -122.382 
-123.19 -120.229 -121.447 -122.366 
-123.172 -120.214 -121.433 -122.35 
-123.156 -120.201 -121.42 -125.447 
-120.757 -120.187 -136.705 -125.433 
-120.742 -119.91 -136.677 -125.419 
-120.728 -119.331 -136.667 -127.645 
-120.714 -119.318 -136.657 -127.629 
-120.7 -119.306 -136.416 -127.23 
-121.247 -119.294 -136.406 -127.217 
-121.235 -119.282 -120.391 -121.814 
-121.223 -119.27 -120.381 -117.923 
-121.211 -119.666 -119.511 -117.91 
-118.259 -118.652 -119.503 -117.897 
-118.248 -118.645 -119.006 -120.789 
-122.879 -118.637 -118.998 -121.371 
-122.871 -118.63 -119.579 -121.36 
-122.863 -119.22 -119.57 -121.351 
-122.855 -119.212 -119.562 -121.341 
-122.847 -119.205 -119.554 -121.331 
-122.84 -118.02 -119.546 -121.322 
-122.833 -118.012 -119.773 -121.313 
-122.826 -118.004 -119.766 -121.304 
-122.819 -117.996 -119.759 -121.296 
-122.812 -116.818 -119.752 -121.288 
-122.806 -116.81 -119.745 -121.279 
-122.8 -116.802 -118.008 -121.272 
-122.793 -116.794 -118.003 -119.732 
-122.787 -116.786 -117.997 -119.723 
-122.782 -116.779 -117.992 -119.714 
-122.776 -116.771 -119.507 -119.706 
-122.77 -117.984 -119.502 -119.187 
-118.819 -117.977 -120.51 -119.178 
-119.933 -115.915 -120.503 -119.169 
-119.926 -115.909 -120.496 -119.161 
-119.919 -115.902 -120.49 -119.152 
-119.912 -115.896 -120.484 -119.144 
