-14.2491 -14.0047 -13.9876 -13.7559 -13.8829 -13.9766 -13.8848 -14.186 -14.0284 -14.0642 
-14.1166 -14.2685 -14.171 -14.2563 -14.1865 -14.0765 -13.997 -14.1499 -14.1569 -14.1272 
-14.077 -14.1977 -14.2751 -14.2518 -14.193 -14.344 -14.3309 -14.3634 -14.2024 -14.2974 
-14.1893 -14.2709 -14.3461 -14.3849 -14.3632 -14.3486 -14.4049 -14.2957 -14.3331 -14.3286 
-14.2359 -14.2299 -14.3337 -14.2954 -14.2636 -14.2951 -14.2334 -14.3298 -14.3804 -14.2787 
-14.0968 -14.0979 -14.1669 -14.1367 -14.1434 -14.1372 -14.1446 -14.1633 -14.1723 -14.1436 
-13.869 -13.9508 -13.9354 -13.832 -13.952 -13.9729 -13.8064 -13.9742 -14.0477 -13.8839 
-13.6776 -13.6974 -13.6059 -13.6325 -13.6959 -13.6562 -13.3528 -13.6453 -13.7381 -13.5013 
-12.6508 -13.0486 -13.3964 -13.1113 -13.1625 -13.414 -13.1655 -13.4345 -13.3505 -12.9501 
-12.7756 -12.6522 -12.8414 -12.7374 -12.2775 -13.0855 -12.4168 -12.3068 -12.0535 -12.7151 
-12.431 -11.7778 -11.5066 -12.4485 -12.3277 -12.4229 -11.9068 -12.2299 -11.7299 -12.6439 
