-125.649 -132.741 -123.763 -124.612 -129.602 -121.457 -124.824 -123.562 -124.085 -121.771 -151.359 -129.518 -123.24 -125.44 -125.908 -124.798 
-125.858 -129.361 -123.786 -125.023 -128.527 -125.006 -124.657 -123.861 -129.054 -126.703 -124.335 -126.014 -121.596 -123.441 -122.896 -123.787 
-128.199 -127.458 -127.06 -125.528 -126.015 -127.122 -124.406 -125.373 -124.924 -127.093 -125.922 -129.309 -125.039 -124.418 -124.977 -125.995 
-125.803 -129.012 -128.327 -128.555 -126.078 -126.757 -126.261 -142.353 -126.258 -126.649 -129.902 -129.086 -129.661 -125.363 -127.688 -128.167 
-130.012 -127.156 -127.053 -127.577 -127.208 -126.647 -126.666 -125.746 -126.558 -127.299 -128.037 -132.234 -126.773 -127.078 -129.275 -126.027 
-128.149 -128.51 -125.735 -128.09 -128.065 -127.255 -128.968 -127.29 -128.247 -127.6 -128.046 -129.702 -129.056 -128.469 -128.155 -128.562 
-128.486 -127.969 -126.866 -128.243 -128.092 -126.862 -128.17 -127.5 -128.396 -127.41 -127.927 -127.734 -128.884 -127.646 -128.013 -127.62 
-128.804 -130.102 -126.075 -127.985 -127.411 -127.736 -129.003 -125.757 -132.82 -128.118 -128.399 -127.869 -129.622 -128.339 -125.345 -128.522 
-115.901 -129.965 -128.942 -122.401 -127.62 -128.415 -128.954 -124.128 -128.598 -128.586 -125.216 -126.602 -128.231 -127.718 -128.897 -131.888 
-128.148 -128.547 -128.455 -130.128 -129.104 -127.299 -121.439 -126.37 -125.566 -126.526 -127.703 -129.773 -130.87 -129.761 -129.127 -128.074 
-133.23 -128.644 -122.179 -123.499 -129.492 -130.898 -127.693 -128.059 -125.819 -129.328 -124.267 -128.238 -128.668 -128.199 -129.154 -130.239 
