-2.80474 -2.81306 -2.83443 -2.88532 -2.79504 -2.82373 -2.77655 -2.84883 -2.81848 -2.81212 -2.80148 -2.76994 -2.81922 -2.73518 -2.81804 -2.85719 
-2.84261 -2.83844 -2.85798 -2.89627 -2.82392 -2.84581 -2.81236 -2.862 -2.84343 -2.85064 -2.83843 -2.80878 -2.84232 -2.77098 -2.83973 -2.87268 
-2.85646 -2.8554 -2.86602 -2.89837 -2.83986 -2.86394 -2.83157 -2.86429 -2.85941 -2.8681 -2.86894 -2.83343 -2.8599 -2.80104 -2.84746 -2.88119 
-2.87 -2.86359 -2.8695 -2.89735 -2.83962 -2.8747 -2.84112 -2.86743 -2.86259 -2.87831 -2.88362 -2.84175 -2.87045 -2.81803 -2.85301 -2.89017 
-2.87457 -2.87197 -2.87176 -2.89494 -2.84462 -2.88052 -2.85078 -2.8629 -2.86384 -2.88248 -2.88813 -2.8508 -2.86954 -2.83002 -2.85254 -2.89149 
-2.88106 -2.87155 -2.87209 -2.89306 -2.84231 -2.88062 -2.85352 -2.86474 -2.86498 -2.88473 -2.89417 -2.85683 -2.86968 -2.8412 -2.85079 -2.89124 
-2.88333 -2.86888 -2.86938 -2.89223 -2.84203 -2.88206 -2.85614 -2.86298 -2.86735 -2.88701 -2.89893 -2.86061 -2.86954 -2.84781 -2.8491 -2.8899 
-2.8818 -2.87009 -2.87072 -2.88875 -2.84175 -2.88098 -2.85811 -2.86012 -2.86586 -2.88909 -2.89927 -2.86335 -2.8702 -2.84862 -2.84915 -2.89269 
-2.88419 -2.86912 -2.87332 -2.88656 -2.8414 -2.88285 -2.85978 -2.86064 -2.86289 -2.89367 -2.90291 -2.86298 -2.87024 -2.85221 -2.84976 -2.89077 
-2.88538 -2.86801 -2.86997 -2.88221 -2.83844 -2.88519 -2.86256 -2.8579 -2.86437 -2.89477 -2.90459 -2.86775 -2.86908 -2.85578 -2.84574 -2.89213 
-2.88728 -2.86501 -2.86916 -2.87796 -2.83687 -2.88546 -2.86475 -2.85762 -2.8643 -2.89644 -2.90436 -2.86791 -2.86883 -2.85685 -2.84548 -2.88995 
