5.000000000000000278e-02
1.224999999999999978e-01
1.950000000000000067e-01
2.674999999999999600e-01
3.399999999999999689e-01
4.124999999999999778e-01
4.849999999999999312e-01
5.574999999999999956e-01
6.300000000000000044e-01
7.025000000000000133e-01
7.750000000000000222e-01
8.475000000000000311e-01
9.199999999999999289e-01
9.924999999999999378e-01
1.064999999999999947e+00
1.137499999999999956e+00
1.209999999999999964e+00
1.282499999999999973e+00
1.354999999999999982e+00
1.427499999999999991e+00
1.500000000000000000e+00
