-2.87424 -2.89483 -2.8843 -3.05309 -2.87203 -2.59323 -2.68381 -3.09085 -2.51627 -2.83737 -2.38334 -2.77996 -2.85573 -2.6777 -2.53667 -2.61878 -2.93653 -3.00065 -2.76391 -2.79187 -2.91686 -2.62941 -2.76353 -2.8771 -2.61982 -2.7475 -2.933 -2.8485 -2.68198 -2.71952 -2.90289 -2.94632 -2.78031 -2.80398 -2.81683 -2.89536 -2.81692 -3.04238 -2.61473 -2.74552 
-2.92577 -2.96754 -2.88759 -3.02749 -2.92528 -2.6757 -2.84433 -3.06703 -2.61265 -2.78611 -2.65464 -2.84278 -2.85607 -2.65401 -2.68671 -2.68583 -2.88948 -2.97527 -2.78162 -2.818 -2.86728 -2.69446 -2.72495 -2.93811 -2.65654 -2.80832 -2.95878 -2.91315 -2.79655 -2.7663 -2.9745 -3.01335 -2.85335 -2.87222 -2.90259 -2.9689 -2.80739 -3.02499 -2.66267 -2.7962 
-2.81277 -2.97858 -2.87967 -3.01921 -2.89529 -2.7229 -2.91241 -3.04318 -2.72534 -2.77843 -2.72308 -2.86102 -2.89337 -2.72828 -2.7525 -2.67572 -2.92693 -2.95807 -2.80219 -2.85921 -2.9042 -2.74794 -2.82298 -2.9174 -2.72108 -2.85372 -2.97276 -2.8633 -2.83144 -2.85239 -2.98389 -2.9765 -2.90674 -2.84865 -2.88185 -2.96781 -2.88018 -3.08056 -2.80415 -2.84462 
-2.84978 -2.94308 -2.89302 -3.00995 -2.91331 -2.77281 -2.88192 -3.12167 -2.77081 -2.83499 -2.72456 -2.8503 -2.87412 -2.74403 -2.75353 -2.71455 -2.94153 -2.9665 -2.75573 -2.84359 -2.9145 -2.75942 -2.85091 -2.92096 -2.72831 -2.81349 -2.96198 -2.88051 -2.83094 -2.8438 -2.99894 -2.94165 -2.91742 -2.83779 -2.88022 -2.93623 -2.85078 -3.04981 -2.8129 -2.78328 
-2.81749 -2.95529 -2.90239 -3.02043 -2.89368 -2.79105 -2.90446 -3.00183 -2.7733 -2.83055 -2.76564 -2.90293 -2.86708 -2.71027 -2.75824 -2.75467 -2.89189 -2.90693 -2.81721 -2.8568 -2.91726 -2.82158 -2.80716 -2.97113 -2.7565 -2.83013 -2.9646 -2.90774 -2.84231 -2.82081 -2.9798 -2.98481 -2.92489 -2.82636 -2.87577 -2.98279 -2.83529 -3.08735 -2.86789 -2.77657 
-2.79713 -2.92846 -2.85248 -2.9944 -2.87799 -2.81088 -2.94608 -3.05229 -2.84101 -2.85794 -2.76067 -2.87338 -2.85648 -2.8132 -2.78571 -2.75253 -2.87553 -2.88089 -2.74357 -2.82419 -2.90481 -2.89156 -2.78162 -2.93953 -2.80872 -2.83234 -2.99608 -2.89998 -2.85897 -2.82912 -2.9687 -2.9447 -2.93331 -2.78556 -2.86571 -2.95302 -2.82227 -2.95154 -2.82841 -2.83658 
-2.81666 -2.91644 -2.85524 -2.95761 -2.8865 -2.82477 -2.97149 -3.02746 -2.85603 -2.79353 -2.80906 -2.85186 -2.82447 -2.71726 -2.83351 -2.77964 -2.91188 -2.90131 -2.71925 -2.83591 -2.88831 -2.81041 -2.82238 -3.0065 -2.80404 -2.80913 -2.95077 -2.99872 -2.81846 -2.81251 -2.93474 -2.93921 -2.891 -2.83133 -2.86044 -2.97192 -2.8314 -2.96864 -2.88576 -2.77299 
-2.81257 -2.94859 -2.82245 -2.95537 -2.87843 -2.86073 -2.97 -3.01419 -2.86138 -2.83678 -2.87593 -2.83499 -2.81992 -2.78923 -2.8268 -2.78038 -2.89041 -2.89401 -2.84195 -2.83797 -2.89606 -2.86337 -2.82229 -2.99003 -2.75094 -2.7951 -2.96745 -2.93493 -2.8275 -2.80837 -2.90445 -2.95412 -2.92774 -2.87802 -2.85087 -2.98594 -2.81147 -2.96151 -2.87383 -2.77514 
-2.82736 -2.96554 -2.7916 -2.97382 -2.88761 -2.87367 -2.99147 -3.04274 -2.86468 -2.85757 -2.85887 -2.9677 -2.89745 -2.76649 -2.82726 -2.79779 -2.91154 -2.91413 -2.8442 -2.87593 -2.84077 -2.87072 -2.81006 -2.98693 -2.79907 -2.86706 -2.96852 -2.96687 -2.83584 -2.80714 -2.95455 -3.0216 -2.93162 -2.86651 -2.85504 -3.00909 -2.84115 -2.95779 -2.84421 -2.79129 
-2.80426 -2.94408 -2.7911 -2.96422 -2.86373 -2.87792 -2.97037 -2.9919 -2.84916 -2.80922 -2.82178 -2.96247 -2.9149 -2.82523 -2.8456 -2.81284 -2.88265 -2.85234 -2.85656 -2.85048 -2.87202 -2.82838 -2.81339 -2.96603 -2.77586 -2.81325 -2.93931 -3.04365 -2.81857 -2.83154 -2.87466 -2.93755 -2.94431 -2.841 -2.89798 -2.96212 -2.81105 -2.94442 -2.86499 -2.8352 
-2.83374 -2.89537 -2.82317 -2.93749 -2.91975 -2.91694 -2.9997 -3.0411 -2.86181 -2.81906 -2.82572 -2.89593 -2.79925 -2.75862 -2.79388 -2.77313 -2.85294 -2.84343 -2.83287 -2.84795 -2.85838 -2.82509 -2.80275 -2.93237 -2.76403 -2.80484 -2.94904 -2.96634 -2.85252 -2.82066 -2.87272 -2.93891 -2.93906 -2.84416 -2.83024 -2.99657 -2.81584 -2.94087 -2.89412 -2.76079 
-2.82698 -2.89597 -2.78395 -2.9812 -2.82233 -2.86918 -3.00991 -3.03538 -2.89083 -2.82434 -2.85119 -2.90638 -2.82217 -2.7689 -2.83057 -2.78475 -2.90734 -2.86352 -2.82351 -2.85278 -2.89618 -2.82238 -2.82949 -2.97446 -2.80556 -2.81573 -2.9176 -3.00316 -2.81701 -2.79258 -2.86366 -2.92314 -2.93962 -2.79998 -2.84123 -3.00444 -2.83331 -2.8748 -2.87914 -2.76941 
-2.823 -2.85837 -2.70564 -2.93581 -2.86861 -2.89372 -2.97611 -2.98832 -2.88335 -2.80616 -2.8818 -2.90249 -2.82878 -2.81426 -2.83285 -2.81237 -2.87286 -2.82717 -2.806 -2.81272 -2.83044 -2.80011 -2.79879 -2.98464 -2.80919 -2.85487 -2.9476 -2.93329 -2.83035 -2.80216 -2.86649 -2.93805 -2.92514 -2.83238 -2.83652 -2.99715 -2.85353 -2.89402 -2.84816 -2.77248 
-2.81936 -2.86697 -2.80941 -2.96113 -2.90549 -2.88594 -2.98222 -3.0303 -2.8732 -2.82233 -2.85517 -2.93236 -2.78476 -2.79373 -2.8206 -2.7623 -2.84771 -2.77458 -2.80544 -2.8311 -2.81516 -2.8104 -2.80206 -2.97802 -2.81561 -2.76114 -2.94513 -2.95639 -2.82733 -2.85776 -2.92068 -2.85983 -2.90552 -2.80913 -2.83361 -3.01917 -2.83588 -2.88958 -2.80958 -2.8097 
-2.81418 -2.85552 -2.79115 -2.87823 -2.93747 -2.90566 -3.06068 -3.03505 -2.85049 -2.78587 -2.82272 -2.89831 -2.82275 -2.77934 -2.81747 -2.78977 -2.83104 -2.80498 -2.78125 -2.79505 -2.81961 -2.8609 -2.81897 -2.9272 -2.82657 -2.78599 -2.95121 -2.95447 -2.82328 -2.83174 -2.81235 -2.91564 -2.98618 -2.79146 -2.79872 -2.9968 -2.80201 -2.85283 -2.85428 -2.77648 
-2.79396 -2.91186 -2.82325 -2.87695 -2.9056 -2.90952 -2.94843 -3.02887 -2.87489 -2.79679 -2.81593 -2.9438 -2.81963 -2.76372 -2.85765 -2.78337 -2.87864 -2.81765 -2.81445 -2.81527 -2.79103 -2.90202 -2.82373 -2.97221 -2.81086 -2.79892 -2.9685 -2.99332 -2.80418 -2.81495 -2.85348 -2.84583 -2.92798 -2.7911 -2.83495 -3.01297 -2.76974 -2.91164 -2.83031 -2.78257 
-2.76827 -2.92178 -2.75706 -2.90035 -2.86318 -2.89266 -2.96996 -2.98145 -2.87323 -2.79823 -2.86368 -2.93285 -2.80195 -2.78688 -2.82029 -2.80378 -2.86225 -2.78364 -2.85575 -2.79879 -2.81189 -2.88219 -2.78366 -2.9709 -2.81754 -2.82498 -2.9585 -3.03135 -2.79854 -2.80492 -2.84814 -2.85242 -2.95789 -2.82852 -2.81699 -3.02166 -2.75074 -2.92254 -2.80807 -2.77631 
-2.79038 -2.85146 -2.8166 -2.90492 -2.87478 -2.86267 -2.95217 -2.97854 -2.86905 -2.79676 -2.84939 -2.93556 -2.82128 -2.80599 -2.84925 -2.78223 -2.88133 -2.7825 -2.88226 -2.81278 -2.85655 -2.8626 -2.80886 -2.91653 -2.82339 -2.75595 -2.94854 -3.02059 -2.77956 -2.77763 -2.88343 -2.84187 -2.90434 -2.80815 -2.8167 -3.01166 -2.75586 -2.90432 -2.82881 -2.77353 
-2.83164 -2.82471 -2.80086 -2.84136 -2.85294 -2.88961 -2.9819 -2.96645 -2.87768 -2.82453 -2.87682 -2.84091 -2.78934 -2.80496 -2.86748 -2.75266 -2.8336 -2.77701 -2.88229 -2.8205 -2.82248 -2.85571 -2.77667 -2.96054 -2.81943 -2.77287 -2.94882 -3.02566 -2.80091 -2.80417 -2.83852 -2.9042 -2.8955 -2.80351 -2.79614 -2.97583 -2.74692 -2.89124 -2.8258 -2.75156 
-2.85314 -2.81829 -2.81102 -2.83645 -2.86634 -2.93795 -2.95452 -3.0188 -2.86786 -2.80001 -2.84588 -2.83731 -2.76438 -2.82785 -2.83948 -2.80676 -2.88217 -2.74562 -2.88724 -2.79457 -2.8418 -2.87314 -2.79533 -2.90828 -2.82044 -2.75338 -2.94147 -2.95623 -2.85455 -2.83254 -2.82038 -2.8412 -2.90011 -2.8335 -2.80407 -3.00507 -2.75715 -2.88712 -2.8259 -2.7561 
-2.85057 -2.83178 -2.79863 -2.81873 -2.85655 -2.90098 -2.98849 -3.05506 -2.90718 -2.80517 -2.81858 -2.86252 -2.77861 -2.78346 -2.8657 -2.80481 -2.84655 -2.7806 -2.86026 -2.78136 -2.81748 -2.89711 -2.80081 -2.95502 -2.82758 -2.78891 -2.94121 -3.01191 -2.82215 -2.83147 -2.85025 -2.82339 -2.91024 -2.81676 -2.78658 -3.00555 -2.75817 -2.82652 -2.83177 -2.75348 
