-2.82054 -2.85124 -2.85646 -2.90289 -2.83534 -2.83951 -2.81311 -2.87424 -2.84039 -2.83646 -2.81728 -2.79959 -2.83971 -2.76479 -2.85971 -2.8603 -2.85955 -2.88331 -2.83826 -2.82966 -2.84653 -2.84433 -2.80569 -2.87534 -2.87839 -2.81274 -2.85648 -2.7944 -2.82516 -2.88814 -2.85532 -2.87062 -2.85405 -2.86224 -2.85244 -2.80833 -2.82655 -2.89994 -2.83793 -2.84364 
-2.85406 -2.87821 -2.87804 -2.91501 -2.86042 -2.86691 -2.84664 -2.88082 -2.8617 -2.87383 -2.85817 -2.83967 -2.87185 -2.80788 -2.87697 -2.87728 -2.87974 -2.89601 -2.86738 -2.86179 -2.87297 -2.87237 -2.83195 -2.89285 -2.89457 -2.8522 -2.87836 -2.8389 -2.85768 -2.90795 -2.88372 -2.88584 -2.88449 -2.88867 -2.8811 -2.84957 -2.85891 -2.91611 -2.86283 -2.86926 
-2.87295 -2.88491 -2.88521 -2.91757 -2.87308 -2.88028 -2.866 -2.88144 -2.87082 -2.89258 -2.8783 -2.85861 -2.87997 -2.83574 -2.88231 -2.88313 -2.88613 -2.90316 -2.88038 -2.87456 -2.89574 -2.88738 -2.84733 -2.90202 -2.89802 -2.86838 -2.88844 -2.86067 -2.86956 -2.91068 -2.89351 -2.88903 -2.89955 -2.89998 -2.89294 -2.87402 -2.8737 -2.92373 -2.87344 -2.87815 
-2.88325 -2.88851 -2.89359 -2.91447 -2.87558 -2.8867 -2.8731 -2.87871 -2.87287 -2.89775 -2.8889 -2.87386 -2.88383 -2.85275 -2.88437 -2.88812 -2.88482 -2.90338 -2.88804 -2.88219 -2.89839 -2.89646 -2.85525 -2.90315 -2.90045 -2.88061 -2.89201 -2.87148 -2.87371 -2.90802 -2.89646 -2.88888 -2.90611 -2.90158 -2.89907 -2.88507 -2.87981 -2.92297 -2.88017 -2.88297 
-2.88978 -2.89137 -2.89299 -2.91346 -2.87221 -2.88759 -2.87966 -2.87774 -2.87924 -2.90379 -2.89988 -2.88025 -2.88366 -2.86185 -2.88529 -2.88949 -2.88537 -2.90019 -2.89212 -2.88423 -2.90215 -2.90129 -2.86023 -2.90336 -2.89882 -2.88838 -2.89021 -2.87976 -2.87804 -2.90401 -2.8999 -2.88887 -2.90894 -2.9012 -2.90047 -2.8927 -2.88085 -2.918 -2.88286 -2.88265 
-2.89141 -2.88967 -2.89212 -2.90851 -2.8713 -2.89079 -2.8832 -2.87639 -2.87848 -2.90503 -2.9037 -2.88264 -2.88333 -2.86893 -2.8821 -2.89025 -2.88464 -2.89724 -2.8934 -2.88295 -2.90368 -2.90532 -2.86359 -2.9026 -2.89791 -2.89354 -2.89289 -2.88706 -2.87531 -2.89886 -2.8977 -2.88528 -2.91031 -2.8997 -2.90058 -2.89924 -2.88424 -2.91272 -2.88595 -2.87906 
-2.8936 -2.88855 -2.88855 -2.90268 -2.86574 -2.89138 -2.88466 -2.87397 -2.8779 -2.90498 -2.905 -2.88502 -2.88216 -2.87511 -2.87974 -2.89151 -2.87728 -2.89483 -2.89588 -2.88278 -2.90411 -2.90562 -2.86681 -2.90254 -2.89407 -2.89525 -2.89151 -2.89284 -2.87109 -2.89471 -2.89524 -2.88393 -2.91125 -2.8957 -2.90125 -2.90052 -2.8879 -2.90762 -2.88387 -2.87996 
-2.8943 -2.88468 -2.8894 -2.89883 -2.86534 -2.89394 -2.88442 -2.87167 -2.87701 -2.90673 -2.90674 -2.88801 -2.88279 -2.87643 -2.8769 -2.88891 -2.8754 -2.89243 -2.89593 -2.88291 -2.90339 -2.90476 -2.86718 -2.90187 -2.89319 -2.89516 -2.88799 -2.89436 -2.86945 -2.89089 -2.89124 -2.88031 -2.91041 -2.89281 -2.90014 -2.90224 -2.88718 -2.90387 -2.88303 -2.87478 
-2.89542 -2.88184 -2.88478 -2.89352 -2.8621 -2.89275 -2.88283 -2.86855 -2.87554 -2.90733 -2.90844 -2.88652 -2.88247 -2.87985 -2.87412 -2.88645 -2.87262 -2.88942 -2.89352 -2.88419 -2.90092 -2.90448 -2.86568 -2.90026 -2.88761 -2.89564 -2.88527 -2.8964 -2.86746 -2.88637 -2.8911 -2.87554 -2.9046 -2.88979 -2.89784 -2.90269 -2.88677 -2.89887 -2.8843 -2.87183 
-2.89377 -2.88109 -2.88166 -2.88994 -2.85891 -2.89124 -2.88195 -2.86408 -2.87459 -2.90558 -2.90967 -2.88701 -2.88192 -2.88033 -2.8708 -2.88901 -2.86857 -2.88737 -2.893 -2.88194 -2.9019 -2.90464 -2.86428 -2.89913 -2.88573 -2.89565 -2.88173 -2.89995 -2.86411 -2.88221 -2.88822 -2.87414 -2.9049 -2.888 -2.89737 -2.90327 -2.8845 -2.89516 -2.88584 -2.87084 
-2.89309 -2.8771 -2.88057 -2.88542 -2.85702 -2.89011 -2.88133 -2.86046 -2.87203 -2.9071 -2.9103 -2.88634 -2.87962 -2.88217 -2.87126 -2.88737 -2.86327 -2.88423 -2.89357 -2.88129 -2.89915 -2.90161 -2.86383 -2.8963 -2.88138 -2.89686 -2.87875 -2.90043 -2.86182 -2.8799 -2.88701 -2.87204 -2.90171 -2.88459 -2.89511 -2.90331 -2.884 -2.89044 -2.88637 -2.86763 
-2.89212 -2.87691 -2.87835 -2.88222 -2.8519 -2.88942 -2.8798 -2.857 -2.86883 -2.906 -2.9107 -2.88595 -2.87927 -2.8808 -2.86805 -2.88665 -2.86207 -2.88032 -2.89202 -2.87941 -2.89802 -2.90198 -2.86305 -2.89606 -2.87923 -2.89888 -2.87607 -2.90119 -2.86068 -2.87669 -2.88507 -2.86971 -2.89772 -2.8822 -2.89359 -2.9017 -2.88199 -2.88569 -2.88438 -2.86684 
-2.89033 -2.87632 -2.87557 -2.87848 -2.8496 -2.88836 -2.8779 -2.85538 -2.86829 -2.90541 -2.90983 -2.88641 -2.87763 -2.8817 -2.86426 -2.8863 -2.85892 -2.87639 -2.89041 -2.8758 -2.89443 -2.90156 -2.86361 -2.8942 -2.87483 -2.89897 -2.87277 -2.9012 -2.85804 -2.87226 -2.88057 -2.86851 -2.89611 -2.87882 -2.89467 -2.9008 -2.88111 -2.88091 -2.88169 -2.86273 
-2.88982 -2.87487 -2.87323 -2.87631 -2.84684 -2.88689 -2.87674 -2.85261 -2.86588 -2.90763 -2.91033 -2.88624 -2.87706 -2.88082 -2.8619 -2.88436 -2.85691 -2.87484 -2.89001 -2.87536 -2.89422 -2.90047 -2.86176 -2.89072 -2.87082 -2.89713 -2.86851 -2.9006 -2.85585 -2.86972 -2.87893 -2.86516 -2.89352 -2.87554 -2.89172 -2.89952 -2.87944 -2.87918 -2.8835 -2.8597 
-2.88604 -2.87037 -2.87213 -2.87298 -2.84386 -2.88362 -2.87449 -2.85012 -2.86492 -2.90718 -2.90968 -2.88349 -2.87416 -2.88062 -2.85779 -2.88174 -2.85355 -2.87016 -2.89031 -2.87378 -2.89389 -2.89963 -2.86012 -2.88991 -2.86901 -2.89524 -2.86607 -2.89933 -2.8552 -2.86587 -2.87654 -2.86363 -2.89263 -2.87325 -2.88834 -2.90102 -2.87836 -2.87492 -2.88252 -2.85768 
-2.88511 -2.86789 -2.87049 -2.86859 -2.84159 -2.88276 -2.87483 -2.84835 -2.86149 -2.90629 -2.90769 -2.88384 -2.87248 -2.8816 -2.85537 -2.88063 -2.84973 -2.86847 -2.88879 -2.87147 -2.89434 -2.89915 -2.85889 -2.88715 -2.86727 -2.8938 -2.86492 -2.89999 -2.85449 -2.8633 -2.87355 -2.86072 -2.88997 -2.86892 -2.88746 -2.89976 -2.878 -2.86915 -2.88145 -2.85508 
-2.88495 -2.86736 -2.8679 -2.86797 -2.83863 -2.88143 -2.87343 -2.8446 -2.85902 -2.9067 -2.90599 -2.88248 -2.87139 -2.88206 -2.85352 -2.87994 -2.84798 -2.86625 -2.88874 -2.87063 -2.8923 -2.89829 -2.85736 -2.88523 -2.86188 -2.89116 -2.86303 -2.89992 -2.85166 -2.85988 -2.87193 -2.86037 -2.88828 -2.86578 -2.88813 -2.899 -2.87706 -2.86628 -2.88185 -2.85357 
-2.88405 -2.86571 -2.86749 -2.86576 -2.83601 -2.88089 -2.87116 -2.84274 -2.8605 -2.90674 -2.90563 -2.88238 -2.86961 -2.88205 -2.85088 -2.87823 -2.8438 -2.86301 -2.8876 -2.86855 -2.88963 -2.89753 -2.85565 -2.88348 -2.86054 -2.89105 -2.85967 -2.89969 -2.84867 -2.85674 -2.86899 -2.85863 -2.88477 -2.86376 -2.88732 -2.89788 -2.87531 -2.86326 -2.88141 -2.85222 
-2.88371 -2.86464 -2.86307 -2.8618 -2.8333 -2.87983 -2.87067 -2.84012 -2.8593 -2.90725 -2.90485 -2.88222 -2.86901 -2.88037 -2.84877 -2.87807 -2.84181 -2.8596 -2.88501 -2.86728 -2.88882 -2.89587 -2.85508 -2.88182 -2.85882 -2.89167 -2.85751 -2.89861 -2.84679 -2.85378 -2.86626 -2.85718 -2.88366 -2.86037 -2.88723 -2.8969 -2.8733 -2.86196 -2.88192 -2.84991 
-2.88051 -2.86364 -2.86227 -2.86024 -2.83191 -2.8779 -2.86948 -2.83883 -2.85844 -2.90536 -2.90691 -2.88125 -2.86549 -2.88098 -2.84694 -2.8769 -2.83819 -2.8561 -2.88421 -2.86589 -2.88875 -2.89163 -2.85432 -2.88017 -2.85855 -2.89059 -2.85461 -2.8991 -2.84502 -2.85219 -2.86518 -2.85354 -2.88112 -2.85898 -2.88577 -2.89591 -2.87197 -2.85978 -2.88134 -2.84892 
-2.88128 -2.86113 -2.85882 -2.85951 -2.83077 -2.87846 -2.86822 -2.83778 -2.85685 -2.90451 -2.90664 -2.88091 -2.86294 -2.88014 -2.84609 -2.87538 -2.83574 -2.85451 -2.88253 -2.86386 -2.88643 -2.89307 -2.85242 -2.88033 -2.85704 -2.89 -2.85427 -2.89987 -2.84377 -2.85038 -2.86329 -2.85331 -2.88028 -2.85635 -2.88184 -2.89524 -2.87135 -2.85688 -2.87995 -2.84777 
