1.000000000000000056e-01
1.390000000000000124e-01
1.779999999999999916e-01
2.169999999999999984e-01
2.560000000000000053e-01
2.950000000000000400e-01
3.339999999999999636e-01
3.729999999999999982e-01
4.120000000000000329e-01
4.509999999999999565e-01
4.899999999999999911e-01
5.290000000000000258e-01
5.679999999999999494e-01
6.069999999999999840e-01
6.460000000000000187e-01
6.849999999999999423e-01
7.239999999999999769e-01
7.630000000000000115e-01
8.019999999999999352e-01
8.409999999999999698e-01
8.800000000000000044e-01
9.189999999999999281e-01
9.579999999999999627e-01
9.969999999999999973e-01
1.036000000000000032e+00
1.074999999999999956e+00
1.114000000000000101e+00
1.153000000000000025e+00
1.192000000000000171e+00
1.231000000000000094e+00
1.270000000000000018e+00
1.309000000000000163e+00
1.348000000000000087e+00
1.387000000000000011e+00
1.426000000000000156e+00
1.465000000000000080e+00
1.504000000000000004e+00
1.543000000000000149e+00
1.582000000000000073e+00
1.620999999999999996e+00
1.660000000000000142e+00
1.699000000000000066e+00
1.737999999999999989e+00
1.777000000000000135e+00
1.816000000000000059e+00
1.854999999999999982e+00
1.894000000000000128e+00
1.933000000000000052e+00
1.971999999999999975e+00
2.011000000000000121e+00
2.049999999999999822e+00
2.088999999999999968e+00
2.128000000000000114e+00
2.167000000000000259e+00
2.205999999999999961e+00
2.245000000000000107e+00
2.284000000000000252e+00
2.322999999999999954e+00
2.362000000000000099e+00
2.401000000000000245e+00
2.439999999999999947e+00
2.479000000000000092e+00
2.518000000000000238e+00
2.556999999999999940e+00
2.596000000000000085e+00
2.635000000000000231e+00
2.673999999999999932e+00
2.713000000000000078e+00
2.752000000000000224e+00
2.790999999999999925e+00
2.830000000000000071e+00
2.869000000000000217e+00
2.907999999999999918e+00
2.947000000000000064e+00
2.986000000000000210e+00
3.024999999999999911e+00
3.064000000000000057e+00
3.103000000000000203e+00
3.141999999999999904e+00
3.181000000000000050e+00
3.220000000000000195e+00
3.258999999999999897e+00
3.298000000000000043e+00
3.337000000000000188e+00
3.375999999999999890e+00
3.415000000000000036e+00
3.454000000000000181e+00
3.492999999999999883e+00
3.532000000000000028e+00
3.571000000000000174e+00
3.609999999999999876e+00
3.649000000000000021e+00
3.688000000000000167e+00
3.726999999999999869e+00
3.766000000000000014e+00
3.805000000000000160e+00
3.843999999999999861e+00
3.883000000000000007e+00
3.922000000000000153e+00
3.961000000000000298e+00
4.000000000000000000e+00
