-14.3519 -13.4188 -13.8582 -13.5643 
-14.2839 -13.7911 -13.7601 -13.554 
-14.0702 -13.9431 -14.1381 -14.0404 
-14.7897 -14.4798 -14.7669 -13.6065 
-13.9829 -13.9975 -14.7239 -13.8528 
-14.1195 -13.9969 -14.4257 -14.0781 
-14.2841 -13.6979 -14.5343 -15.749 
-14.7318 -14.5842 -15.0739 -14.1265 
-14.4076 -14.9792 -14.9361 -14.09 
-14.6293 -13.8858 -15.0289 -14.1448 
-14.1276 -13.7259 -14.7886 -14.688 
-15.1923 -14.502 -14.3025 -14.0276 
-14.3527 -13.9077 -14.6988 -14.2943 
-14.5531 -13.9509 -15.244 -14.1587 
-15.1261 -14.1628 -14.4524 -15.6064 
-15.4555 -14.2592 -14.707 -15.6846 
-14.219 -14.6169 -14.4203 -13.9082 
-14.2416 -14.1982 -14.2382 -15.0016 
-14.4642 -14.1546 -14.6772 -14.222 
-14.5709 -14.1518 -13.9159 -14.5241 
-14.1177 -14.1772 -14.1277 -13.9105 
-14.3331 -16.0226 -14.1587 -14.7366 
-14.9875 -13.9285 -15.2269 -14.2938 
-14.116 -14.4273 -14.4541 -13.9086 
-14.274 -14.3626 -13.9123 -14.7184 
-14.3106 -13.9747 -14.0017 -14.8209 
-14.3703 -13.9039 -13.9674 -15.3776 
-14.0061 -14.1356 -14.1393 -14.2067 
-14.7599 -14.0957 -14.0392 -14.267 
-13.8592 -15.7836 -14.2201 -14.1645 
-14.4773 -14.1511 -15.1054 -14.2215 
-14.5299 -14.3005 -14.4998 -13.9931 
-15.1379 -14.3866 -14.3016 -14.4316 
-14.3501 -14.2638 -13.9935 -14.7883 
-15.3181 -14.0974 -14.0954 -14.3951 
-14.2439 -15.1611 -14.2148 -14.2125 
-13.9247 -13.8951 -14.6854 -14.2078 
-14.1441 -15.0948 -14.2381 -14.5987 
-14.8724 -13.726 -14.6156 -14.2958 
-14.2235 -14.2945 -14.4106 -14.5676 
-14.5343 -15.1799 -14.8133 -14.4722 
-14.4069 -13.6325 -13.9656 -14.0966 
-14.7258 -14.8036 -13.6508 -14.2499 
-14.2973 -14.1423 -13.8499 -14.4288 
-14.6594 -14.7272 -14.0395 -14.0197 
-14.2867 -14.3798 -15.3023 -14.1099 
-14.0681 -14.402 -14.2014 -14.4567 
-14.4351 -14.231 -14.5209 -13.9045 
-14.7725 -14.3544 -14.0458 -13.7973 
-14.0351 -15.4672 -14.2081 -13.8628 
-14.3012 -14.651 -13.9885 -14.1581 
-14.2401 -14.0355 -14.1619 -14.1355 
-14.5337 -15.0415 -15.0439 -14.1768 
-15.0547 -14.7995 -14.2757 -14.294 
-15.3086 -14.437 -14.3067 -13.9383 
-14.3245 -14.5873 -14.4426 -14.4305 
-14.2779 -13.5618 -13.9019 -14.2913 
-14.6814 -14.7996 -15.1671 -14.332 
-14.7033 -13.6388 -13.8903 -13.9981 
-14.6313 -13.8123 -13.8901 -14.085 
-14.2483 -14.6645 -14.9432 -14.2055 
-14.0936 -14.4866 -13.7494 -13.8361 
-14.6105 -14.5503 -14.8802 -13.7739 
-16.3565 -14.1375 -15.5792 -14.0146 
-14.6793 -14.4623 -17.2218 -14.315 
-14.586 -16.129 -13.7246 -14.2182 
-14.6599 -14.4045 -13.8558 -14.6872 
-14.3612 -14.4669 -14.1152 -15.8944 
-14.3297 -16.1126 -14.9928 -14.5436 
-14.1295 -14.2114 -14.4143 -14.2175 
-14.3051 -14.1298 -15.0524 -14.4967 
-14.0603 -14.3216 -14.2268 -15.6062 
-14.2876 -13.8678 -14.2845 -14.0684 
-14.1914 -14.0929 -13.9568 -14.8597 
-17.5486 -16.4109 -14.5634 -14.8892 
-14.3088 -14.2512 -14.8369 -14.3538 
-14.2489 -14.1888 -14.4501 -14.5288 
-14.1769 -13.8987 -14.3696 -14.2211 
-14.7303 -15.1527 -14.1709 -14.1649 
-14.4272 -15.1107 -13.8757 -14.1844 
-14.3238 -14.921 -13.6929 -15.4135 
-14.6766 -14.5741 -13.6932 -14.0912 
-14.3376 -14.5745 -14.386 -14.1082 
-14.2737 -14.1478 -14.3771 -14.2164 
-13.9647 -13.9466 -14.0395 -13.9049 
-13.9957 -14.1472 -14.073 -14.07 
-14.3121 -14.1406 -14.6076 -14.098 
-14.2276 -14.1409 -14.3208 -15.243 
-14.2278 -14.4016 -14.4137 -14.5355 
-14.1991 -16.0608 -14.2379 -14.5356 
-14.2929 -15.0772 -13.6608 -14.1484 
-14.2928 -14.0126 -13.7047 -14.5487 
-14.2003 -14.1567 -14.6131 -14.1793 
-14.3815 -14.2253 -14.786 -14.1482 
-14.1839 -14.9677 -14.7861 -14.1383 
-14.3174 -14.2987 -14.4535 -14.0894 
-14.1021 -14.2986 -14.5783 -14.0486 
-14.4345 -14.2986 -14.92 -13.9121 
-14.4327 -14.4667 -13.9392 -13.9339 
-14.196 -14.1964 -13.8565 -14.2134 
-16.2087 -14.5695 -13.8562 -14.1661 
-60.1439 -57.6963 -57.8777 -57.7752 
-89.3587 -97.1704 -170.233 -78.8913 
-84.7463 -91.8358 -81.7845 -89.8377 
-92.6954 -116.085 -176.116 -127.367 
-118.02 -154.778 -88.9563 -93.9855 
-136.944 -132.11 -272.434 -123.959 
-111.864 -106.943 -94.2718 -110.399 
-108.045 -97.8649 -76.9458 -112.331 
-145.529 -129.469 -132.198 -77.2368 
-162.804 -77.1941 -101.324 -106.735 
-164.174 -157.993 -171.309 -99.237 
