-127.292 -126.113 -125.117 -126.345 
-128.712 -122.673 -125.069 -126.237 
-128.591 -123.274 -131.225 -126.076 
-129.07 -125.631 -129.447 -126.077 
-129.007 -128.715 -129.462 -126.094 
-128.611 -128.592 -129.447 -125.958 
-128.622 -126.403 -129.312 -125.848 
-128.492 -126.191 -125.555 -125.781 
-128.418 -126.345 -125.42 -125.673 
-128.408 -126.277 -124.771 -125.605 
-128.403 -130.609 -126.622 -128.415 
-128.42 -130.737 -126.456 -128.053 
-123.405 -130.918 -126.464 -128.256 
-123.299 -131.083 -127.527 -128.655 
-125.243 -130.973 -127.452 -127.864 
-127.421 -127.072 -127.435 -125.87 
-123.51 -126.937 -126.918 -127.322 
-128.875 -125.923 -127.349 -126.828 
-128.472 -125.619 -127.234 -128.343 
-128.395 -126.712 -126.99 -126.189 
-128.321 -125.329 -126.55 -127.522 
