-129.949 -130.79 -129.877 -131.142 
-129.92 -131.349 -129.863 -131.375 
-130.109 -130.641 -129.961 -131.323 
-129.955 -131.099 -130.082 -131.093 
-130.101 -131.02 -130.303 -130.884 
-128.905 -131.207 -130.303 -130.871 
-129.504 -130.332 -130.079 -131.082 
-129.515 -129.677 -130.255 -131.024 
-129.902 -130.257 -130.126 -131.249 
-129.862 -130.671 -129.249 -131.103 
-130.127 -130.718 -129.288 -130.765 
-129.855 -130.028 -129.303 -131.575 
-130.15 -131.369 -128.965 -131.031 
-129.797 -131.341 -128.709 -131.48 
-129.727 -130.426 -128.902 -131.29 
-130.302 -130.88 -129.409 -131.2 
-129.247 -130.372 -128.384 -130.909 
-130.383 -131.153 -129.092 -131.164 
-130.341 -129.177 -128.766 -131.073 
-130.912 -129.138 -128.774 -131.041 
-130.994 -130.541 -128.385 -131.009 
