2.999999999999999889e-01
3.240000000000000102e-01
3.479999999999999760e-01
3.719999999999999973e-01
3.960000000000000187e-01
4.199999999999999845e-01
4.440000000000000058e-01
4.679999999999999716e-01
4.919999999999999929e-01
5.160000000000000142e-01
5.400000000000000355e-01
5.640000000000000568e-01
5.880000000000000782e-01
6.119999999999999885e-01
6.360000000000000098e-01
6.599999999999999201e-01
6.839999999999999414e-01
7.079999999999999627e-01
7.319999999999999840e-01
7.560000000000000053e-01
7.800000000000000266e-01
8.040000000000000480e-01
8.280000000000000693e-01
8.520000000000000906e-01
8.760000000000001119e-01
8.999999999999999112e-01
9.239999999999999325e-01
9.479999999999999538e-01
9.719999999999999751e-01
9.959999999999999964e-01
1.020000000000000018e+00
1.044000000000000039e+00
1.068000000000000060e+00
1.092000000000000082e+00
1.116000000000000103e+00
1.139999999999999902e+00
1.163999999999999924e+00
1.187999999999999945e+00
1.211999999999999966e+00
1.235999999999999988e+00
1.260000000000000009e+00
1.284000000000000030e+00
1.308000000000000052e+00
1.332000000000000073e+00
1.356000000000000094e+00
1.380000000000000115e+00
1.404000000000000137e+00
1.428000000000000158e+00
1.452000000000000179e+00
1.475999999999999979e+00
1.500000000000000000e+00
