-2.88216 -2.84049 -2.86091 -2.83129 
-2.8417 -2.84304 -2.86311 -2.84417 
-2.83895 -2.83147 -2.87801 -2.81208 
-2.83188 -2.87101 -2.84166 -2.86321 
-2.85847 -2.83169 -2.85352 -2.86712 
-2.85661 -2.85035 -2.91183 -2.85975 
-2.81143 -2.82283 -2.84514 -2.86373 
-2.86601 -2.85364 -2.85967 -2.86 
-2.87188 -2.83797 -2.86355 -2.85693 
-2.84724 -2.8883 -2.85718 -2.87773 
-2.86685 -2.86531 -2.82363 -2.85412 
-2.8718 -2.86562 -2.85344 -2.8566 
-2.88111 -2.84999 -2.87585 -2.82497 
-2.8898 -2.85402 -2.8613 -2.83563 
-2.8561 -2.85295 -2.88521 -2.82987 
-2.87692 -2.86864 -2.83912 -2.87287 
-2.85859 -2.86626 -2.8852 -2.83241 
-2.90799 -2.85772 -2.84623 -2.86511 
-2.92942 -2.84671 -2.88359 -2.86863 
-2.86335 -2.85458 -2.82338 -2.90529 
-2.83964 -2.88214 -2.85314 -2.84599 
-2.7864 -2.7689 -2.77426 -2.79534 
-2.85253 -2.82253 -2.85996 -2.87177 
-2.7864 -2.7689 -2.77426 -2.79534 
-2.85253 -2.82253 -2.85996 -2.87177 
-2.8561 -2.85295 -2.88521 -2.82987 
-2.87585 -2.84173 -2.87231 -2.83109 
-2.87506 -2.85474 -2.86096 -2.82311 
-2.841 -2.83381 -2.84873 -2.84343 
-2.8592 -2.85591 -2.86122 -2.84009 
-2.8469 -2.84657 -2.86675 -2.84662 
-2.87249 -2.86722 -2.84792 -2.84517 
-2.83841 -2.84422 -2.83879 -2.84448 
-2.9276 -2.86144 -2.83306 -2.89816 
