5.000000000000000278e-02
7.900000000000000078e-02
1.079999999999999988e-01
1.370000000000000107e-01
1.659999999999999809e-01
1.950000000000000067e-01
2.239999999999999769e-01
2.530000000000000027e-01
2.819999999999999729e-01
3.109999999999999987e-01
3.399999999999999689e-01
3.689999999999999392e-01
3.979999999999999649e-01
4.269999999999999907e-01
4.559999999999999609e-01
4.849999999999999312e-01
5.140000000000000124e-01
5.430000000000000382e-01
5.720000000000000639e-01
6.009999999999999787e-01
6.300000000000000044e-01
6.590000000000000302e-01
6.879999999999999449e-01
7.169999999999999707e-01
7.459999999999999964e-01
7.750000000000000222e-01
8.040000000000000480e-01
8.329999999999999627e-01
8.619999999999999885e-01
8.910000000000000142e-01
9.199999999999999289e-01
9.489999999999999547e-01
9.779999999999999805e-01
1.006999999999999895e+00
1.036000000000000032e+00
1.064999999999999947e+00
1.094000000000000083e+00
1.122999999999999998e+00
1.151999999999999913e+00
1.181000000000000050e+00
1.209999999999999964e+00
1.238999999999999879e+00
1.268000000000000016e+00
1.296999999999999931e+00
1.325999999999999845e+00
1.354999999999999982e+00
1.383999999999999897e+00
1.413000000000000034e+00
1.441999999999999948e+00
1.470999999999999863e+00
1.500000000000000000e+00
