-2.72679 -2.72182 -2.7308 -2.74852 
-2.75721 -2.75105 -2.75796 -2.76977 
-2.77752 -2.76549 -2.77843 -2.78433 
-2.78901 -2.78513 -2.79975 -2.79941 
-2.80479 -2.79765 -2.80818 -2.81518 
-2.80927 -2.80851 -2.81835 -2.823 
-2.82043 -2.81421 -2.82876 -2.8329 
-2.82673 -2.82085 -2.83472 -2.83762 
-2.82698 -2.82818 -2.83335 -2.84279 
-2.83676 -2.82769 -2.83972 -2.8438 
-2.83911 -2.82943 -2.84308 -2.84892 
-2.84197 -2.83488 -2.84618 -2.84532 
-2.84285 -2.83836 -2.84767 -2.85112 
-2.84982 -2.83416 -2.85295 -2.85957 
-2.84622 -2.84331 -2.8529 -2.85224 
-2.85075 -2.83977 -2.85679 -2.85198 
-2.85177 -2.84336 -2.85374 -2.85617 
-2.8638 -2.84642 -2.85879 -2.85761 
-2.85583 -2.84609 -2.85783 -2.85851 
-2.85937 -2.84386 -2.86099 -2.85946 
-2.85969 -2.84313 -2.85963 -2.86065 
-2.86087 -2.84452 -2.8584 -2.85745 
-2.86087 -2.8416 -2.85887 -2.86147 
-2.85779 -2.84901 -2.85861 -2.86039 
-2.86159 -2.84472 -2.85868 -2.8581 
-2.85945 -2.84436 -2.8611 -2.86149 
-2.8601 -2.84387 -2.85571 -2.85597 
-2.85925 -2.84451 -2.86037 -2.86052 
-2.86162 -2.84575 -2.85796 -2.85716 
-2.86319 -2.84984 -2.8566 -2.85522 
-2.86262 -2.8467 -2.86168 -2.85828 
-2.86109 -2.84737 -2.85785 -2.86132 
-2.8643 -2.84319 -2.85177 -2.86257 
-2.86253 -2.84759 -2.85185 -2.85889 
-2.86514 -2.84717 -2.85854 -2.85652 
-2.85674 -2.84665 -2.85186 -2.85631 
-2.86576 -2.84243 -2.86006 -2.85609 
-2.86834 -2.85047 -2.85359 -2.85526 
-2.86305 -2.84801 -2.85369 -2.85776 
-2.86116 -2.84819 -2.8582 -2.85193 
-2.86251 -2.84918 -2.85545 -2.85187 
-2.8649 -2.84964 -2.84969 -2.85434 
-2.86341 -2.84555 -2.85963 -2.85273 
-2.86563 -2.84748 -2.85842 -2.84861 
-2.86262 -2.83743 -2.85142 -2.85358 
-2.86274 -2.84626 -2.851 -2.84773 
-2.86025 -2.84563 -2.85113 -2.8559 
-2.86261 -2.84622 -2.85163 -2.84973 
-2.85697 -2.84238 -2.84591 -2.84844 
-2.85401 -2.84798 -2.84985 -2.85294 
-2.86037 -2.84996 -2.8479 -2.85122 
