-24.8555 -25.6777 -24.9292 -25.4301 -25.1512 -24.9654 -24.9471 -25.6009 -24.9072 -23.2767 
-24.6121 -24.6698 -24.1214 -23.955 -24.017 -24.1126 -24.4658 -24.7738 -24.368 -22.9701 
-23.1596 -23.6226 -22.8989 -23.1013 -23.0814 -23.0538 -23.5839 -23.8182 -23.2047 -22.4167 
-22.2088 -22.5848 -22.2446 -22.0922 -22.1946 -22.1381 -22.5409 -22.5874 -22.0934 -21.5367 
-21.0582 -21.3685 -21.1351 -21.0826 -21.0802 -21.0911 -21.312 -21.3901 -21.1175 -20.803 
-19.9957 -19.9992 -19.9992 -20.0001 -19.999 -19.9989 -20.0016 -19.9998 -19.9797 -19.9996 
-18.8866 -18.5821 -18.8229 -18.7457 -18.8872 -18.8411 -18.5921 -18.5516 -18.8603 -19.1458 
-17.7824 -17.1144 -17.5575 -17.6613 -17.6339 -17.5663 -17.3713 -16.9687 -17.5169 -18.1183 
-16.5903 -15.9088 -16.2332 -16.2638 -16.3349 -15.7016 -16.023 -15.7359 -16.3825 -17.3158 
-14.986 -14.207 -14.9117 -14.7065 -15.1002 -14.6361 -14.6748 -13.8399 -14.6282 -16.158 
-13.5554 -12.4193 -12.7746 -13.2891 -13.3882 -13.2644 -12.7217 -11.73 -13.6143 -15.1301 
