2.000000000000000000e+00
2.030303030303030276e+00
2.060606060606060552e+00
2.090909090909090828e+00
2.121212121212121104e+00
2.151515151515151381e+00
2.181818181818181657e+00
2.212121212121211933e+00
2.242424242424242209e+00
2.272727272727272485e+00
2.303030303030303205e+00
2.333333333333333481e+00
2.363636363636363757e+00
2.393939393939394034e+00
2.424242424242424310e+00
2.454545454545454586e+00
2.484848484848484862e+00
2.515151515151515138e+00
2.545454545454545414e+00
2.575757575757575690e+00
2.606060606060605966e+00
2.636363636363636243e+00
2.666666666666666963e+00
2.696969696969697239e+00
2.727272727272727515e+00
2.757575757575757791e+00
2.787878787878788067e+00
2.818181818181818343e+00
2.848484848484848619e+00
2.878787878787878896e+00
2.909090909090909172e+00
2.939393939393939448e+00
2.969696969696969724e+00
3.000000000000000000e+00
3.030303030303030276e+00
3.060606060606060552e+00
3.090909090909090828e+00
3.121212121212121104e+00
3.151515151515151381e+00
3.181818181818181657e+00
3.212121212121211933e+00
3.242424242424242209e+00
3.272727272727272485e+00
3.303030303030302761e+00
3.333333333333333481e+00
3.363636363636363757e+00
3.393939393939394034e+00
3.424242424242424310e+00
3.454545454545454586e+00
3.484848484848484862e+00
3.515151515151515138e+00
3.545454545454545414e+00
3.575757575757575690e+00
3.606060606060606410e+00
3.636363636363636687e+00
3.666666666666666963e+00
3.696969696969697239e+00
3.727272727272727515e+00
3.757575757575757791e+00
3.787878787878788067e+00
3.818181818181818343e+00
3.848484848484848619e+00
3.878787878787878896e+00
3.909090909090909172e+00
3.939393939393939448e+00
3.969696969696969724e+00
4.000000000000000000e+00
4.030303030303030276e+00
4.060606060606060552e+00
4.090909090909090828e+00
4.121212121212121104e+00
4.151515151515151381e+00
4.181818181818181657e+00
4.212121212121212821e+00
4.242424242424242209e+00
4.272727272727273373e+00
4.303030303030302761e+00
4.333333333333333925e+00
4.363636363636363313e+00
4.393939393939394478e+00
4.424242424242423866e+00
4.454545454545455030e+00
4.484848484848484418e+00
4.515151515151515582e+00
4.545454545454544970e+00
4.575757575757576134e+00
4.606060606060605522e+00
4.636363636363636687e+00
4.666666666666666963e+00
4.696969696969697239e+00
4.727272727272727515e+00
4.757575757575757791e+00
4.787878787878788067e+00
4.818181818181818343e+00
4.848484848484848619e+00
4.878787878787878896e+00
4.909090909090909172e+00
4.939393939393939448e+00
4.969696969696969724e+00
5.000000000000000000e+00
