8.3925 -5.00117 -14.5394 -13.6669 -13.478 135.607 108.066 -11.5378 -15.9369 -17.6607 
-2.99396 -22.8827 -17.8735 -14.3684 -18.3098 -15.5658 -11.5146 -15.4604 -8.31467 -14.6266 
-4.65509 -75.4408 -75.2794 6.95189 -4.84529 -5.40626 -13.6506 -16.733 -31.1077 -26.9112 
-3.7017 -20.0315 31.2991 -18.7662 -15.7513 -12.6056 -15.2993 -18.5713 -10.2698 -18.0065 
-21.0744 65.1808 -15.8521 -16.5855 -32.6277 -17.045 -17.1875 -37.4119 -13.1775 -17.2497 
-9.72258 -23.6494 -13.4661 -4.34237 -7.84713 -8.32771 -28.8716 -4.55465 -22.6841 -7.1397 
-1.35854 -18.5712 70.7558 -9.7556 2.07542 -15.3276 -23.0764 -38.831 -21.6979 2.18321 
-13.4773 -16.1145 -24.4921 -22.863 -127.219 -90.351 -95.0223 -26.8713 -20.4409 884.643 
-18.6953 38.1951 -28.6273 -22.7175 -21.7529 -21.2841 -10.099 -22.1965 -4.74949 -32.0659 
-17.5579 -22.0613 -22.8369 -118.109 -2.19616 -34.501 -23.9327 -18.0368 -12.0643 -28.5686 
-19.0371 -31.6594 -71.0752 -48.5952 -24.6474 -26.677 -18.7903 -19.6009 -26.6942 -15.3292 
-15.4206 -20.6731 -22.4811 -20.5632 137.477 -138.984 -18.2232 -24.1989 -8.74467 -14.4131 
-27.0223 -15.947 -27.5074 -21.9594 -31.0912 -85.9575 -28.2852 -26.5269 -24.2257 -6.88627 
-27.6849 -15.7679 -23.5023 -34.8323 -21.1715 -36.3042 -15.8482 -32.5036 -15.5744 -22.1699 
-29.6774 -32.2735 -47.9365 -24.891 -22.1714 -135.839 -25.7491 -22.6186 -71.0336 -20.3757 
-18.9923 -51.9754 -20.8573 -21.1109 -26.6789 4.034 -168.255 -27.0219 59.5961 -26.5386 
-23.7195 -11.3563 -63.0739 -38.3007 -26.6425 -22.4336 -31.6731 -38.374 -489.714 -26.0211 
-28.9116 -34.0791 -35.8291 -20.6621 -27.4356 -24.6001 -7.54791 -28.3923 -24.1964 -24.8475 
-27.4421 -30.6681 -34.8377 -23.7201 -28.6636 1064 -37.7037 -48.8949 -26.92 -34.5235 
-22.9654 -28.4601 -25.708 -50.5016 94.256 -22.3902 -20.269 -33.2684 -33.6816 -53.1047 
-31.8628 -15.3001 -30.8623 -32.9788 -28.2318 -31.9562 -33.5817 -38.1679 -5.52232 -34.1763 
-52.6149 -69.7981 -27.69 -33.9521 -32.6626 -35.1424 -27.2051 -30.9801 -57.2315 -88.5044 
-285.398 -49.3805 -12.4088 -31.52 -40.3391 -50.5648 -7.95612 -50.8523 -55.8595 -47.0465 
-23.3031 -41.1695 -47.3405 -50.8685 -57.2202 -70.075 -36.7867 9.96586 -35.2215 -43.7385 
-44.9321 -40.1749 -48.1401 -40.9458 -27.9303 -14.8371 -40.9491 -61.9638 -65.8703 -46.4774 
-42.5385 -12.9498 -11.1218 -47.304 -36.6806 -69.8775 1609.44 -34.3453 -29.5767 -55.597 
-42.1232 -23.1804 -38.1632 -43.183 30.8559 -36.9425 -92.8851 -31.3036 64.5278 -18.3446 
-42.3052 -32.2419 -40.803 -35.1345 -51.6813 3.24939 -40.9004 -236.958 -40.8438 -10.6258 
-76.1864 -32.6575 -33.0163 -39.0962 -53.389 -109.93 -40.4066 -31.9582 -42.371 -22.3435 
-57.6718 105.193 -36.2298 -59.6637 -53.1111 -44.6142 -76.6397 -10.5496 -113.32 -37.1201 
55.247 -32.2015 -47.6622 -86.4759 -37.3323 -34.8448 404.732 -55.7113 -44.9661 -49.5219 
-38.2264 -50.8869 -88.3612 -100.488 -49.7444 -42.1927 -70.5617 -50.311 -53.1988 17.0683 
-39.9167 -23.9587 -37.7959 -61.1611 -54.5467 -53.6655 -18.1593 -75.3105 -52.828 -61.4904 
-53.4528 -49.7194 -59.9729 -88.4763 -60.6759 -75.6911 -53.138 -57.3646 -56.8858 -25.8887 
-35.866 -57.9278 -91.0148 -63.4332 -39.3919 -69.2819 -57.7173 -40.2742 -49.6397 -19.288 
-62.3199 -57.3283 -57.3198 -76.5575 -87.2278 -87.8496 -55.2893 -16.0371 -54.2775 -247.339 
-50.1993 -52.1182 -47.0134 -76.9951 -51.5367 -37.3993 -31.6991 -55.2821 -41.345 -63.6137 
-64.142 -47.9022 -59.4006 -178.643 -62.097 -51.3702 -153.362 -64.5279 -45.569 -61.1017 
-76.4004 -42.8872 -43.0381 -53.3012 -73.1992 -95.5467 -57.7747 -49.9349 -58.5802 -66.6369 
-63.4951 -92.2888 -38.5497 -53.0536 -74.3586 -53.8518 -62.7828 -78.1177 -62.4094 -149.315 
-102.972 -42.5476 -61.4389 -64.3349 -54.1242 -17.2377 -26.7661 -57.7597 -59.0137 -282.844 
-76.0861 -13.5117 -60.6471 -94.2276 -47.326 -60.5485 -149.22 -72.5177 210.719 -58.7492 
-83.7727 -63.7263 -50.5187 -51.9332 -60.6556 -53.2902 -59.3651 -1226.53 -79.6665 -52.5278 
-72.5666 -47.3682 -58.2154 -69.7349 -64.7677 -76.2662 -95.2374 -42.7253 -61.5953 -85.0983 
-57.5853 -68.0335 -68.352 -65.732 -74.9152 -6.61845 -74.0365 -70.5964 -79.4756 -364.429 
-81.8514 -60.6634 -74.5197 -399.93 -72.8481 -66.7302 75.2573 -71.0593 -72.9034 -77.2049 
-105.079 -73.5915 -38.9351 -57.9191 -76.7778 224.736 -1.13081 -85.8324 -65.9431 -76.707 
-63.662 -59.1612 -86.2255 -76.516 -72.1967 -96.817 -64.0064 -70.9286 -97.1264 -98.977 
-79.6286 -56.2083 -0.289984 -209.403 -81.3237 -68.8204 -84.8556 -71.7884 -62.9143 -52.8746 
74.4053 -70.5382 -76.5058 -72.6083 -72.6472 -59.934 -76.0266 -88.6548 -94.0952 -80.2025 
