-12.9781 -13.4934 -13.2106 -13.0666 -13.4653 -13.2618 -12.9058 -13.2303 -13.0818 -13.022 -12.5191 -13.2313 -12.8499 -12.9276 -12.9008 -13.1295 -13.4054 -13.0587 -13.0662 -13.4302 -12.8814 -13.0042 -12.734 -12.948 -13.1265 -13.1026 -12.6079 -13.1894 -12.9936 -13.1492 -12.8788 -13.0095 -13.0943 -14.1366 -13.488 -13.2554 -13.7733 -12.7908 -12.8878 -13.0396 
-13.1498 -13.5745 -13.6662 -13.6309 -13.8687 -13.1278 -13.5677 -14.116 -13.6057 -13.5554 -13.323 -13.5701 -13.4887 -13.037 -13.5287 -13.7205 -13.7172 -13.6145 -13.216 -13.2106 -13.1289 -13.5784 -13.4704 -13.4603 -13.7311 -13.417 -13.7281 -13.5391 -13.7389 -13.3397 -13.5543 -13.1213 -13.4909 -13.4049 -13.4874 -13.2311 -13.6147 -13.5647 -13.6489 -13.6657 
-13.9181 -13.9843 -14.0971 -13.9363 -14.668 -13.6737 -13.7606 -13.7158 -14.1238 -13.6139 -14.0968 -13.653 -13.7264 -14.3539 -14.1561 -14.0452 -13.5303 -14.0409 -14.1146 -13.6663 -13.8973 -13.7665 -14.135 -14.2652 -13.9483 -13.5308 -13.9927 -13.9817 -13.7389 -13.8131 -13.8573 -13.6707 -13.7933 -13.9194 -13.5924 -13.4755 -13.7025 -13.5816 -13.5964 -14.2314 
-14.021 -13.9588 -14.0171 -14.0588 -14.063 -14.2795 -13.8805 -14.1539 -14.393 -14.0816 -14.0059 -14.0998 -14.2097 -14.0722 -14.1654 -13.9796 -14.4981 -13.8451 -14.2053 -13.7692 -13.9465 -14.1826 -13.9139 -14.0096 -13.9984 -14.0627 -14.3455 -13.7204 -14.2938 -14.2104 -13.9883 -14.3517 -14.3315 -14.575 -14.3062 -13.9186 -14.1791 -14.1835 -13.7662 -13.8282 
-13.9826 -13.9091 -14.307 -14.1059 -14.1574 -14.2847 -14.2542 -14.2037 -14.7127 -14.284 -14.1571 -14.2019 -14.0505 -14.0683 -14.113 -14.1283 -13.9207 -14.3522 -14.239 -14.0879 -14.3322 -14.6918 -14.3007 -14.7258 -14.4592 -14.5347 -14.1475 -14.7545 -14.4938 -14.3153 -14.1463 -14.2633 -14.2128 -14.3459 -14.0405 -14.1806 -14.2851 -14.4386 -14.0865 -14.4023 
-14.3906 -14.3272 -14.1441 -14.1668 -14.4101 -14.4246 -14.2353 -14.1853 -14.3199 -14.3379 -14.0581 -14.247 -14.3048 -14.341 -14.2502 -14.3444 -14.3363 -14.2816 -14.4952 -14.2436 -14.2366 -14.3921 -14.3299 -14.3393 -14.4242 -14.4487 -14.4167 -14.2209 -14.2758 -14.7683 -14.5739 -14.4516 -14.348 -14.4927 -14.5257 -14.2427 -14.26 -14.3567 -14.3089 -14.6152 
-14.3101 -14.1917 -14.0659 -14.2234 -14.4758 -14.1083 -14.2847 -14.4409 -14.2701 -14.208 -14.423 -14.6004 -14.5039 -14.2772 -14.2379 -14.1241 -14.2609 -14.4064 -14.196 -14.2261 -14.1698 -14.4836 -14.3159 -14.2471 -14.3335 -14.1951 -14.5141 -14.3308 -14.0739 -14.2552 -14.3543 -14.1704 -14.2631 -14.4024 -14.2131 -14.1501 -14.2525 -14.3625 -14.3082 -14.2572 
-14.2476 -14.0955 -14.1319 -14.1554 -14.194 -14.1545 -14.1402 -14.1045 -14.2075 -14.162 -14.1868 -14.1829 -14.1788 -14.1491 -14.1487 -14.2698 -14.1806 -14.1513 -14.1422 -14.1515 -14.1164 -14.1792 -14.1965 -14.1089 -14.2317 -14.1831 -14.2152 -14.1389 -14.1341 -14.2579 -14.1822 -14.1566 -14.281 -14.185 -14.21 -14.1183 -14.1642 -14.2898 -14.1012 -14.1128 
-14.1841 -13.8019 -13.8197 -13.9638 -14.1699 -14.1465 -14.1155 -13.915 -13.921 -14.1305 -13.9971 -13.8781 -13.9741 -13.9524 -13.9882 -13.9331 -14.1775 -13.9568 -13.9365 -14.052 -13.9216 -13.8162 -14.1502 -13.8331 -13.9938 -14.026 -13.8684 -14.0123 -14.0193 -13.9756 -13.9041 -13.838 -13.9768 -14.0389 -13.8894 -13.8541 -14.0359 -14.0287 -13.8926 -13.9955 
-13.5278 -13.5908 -13.2994 -13.9124 -13.7283 -14.064 -13.952 -13.6306 -13.8154 -13.7922 -13.7753 -13.5946 -13.6101 -13.706 -13.8214 -13.7363 -13.7689 -13.7364 -13.7175 -13.9241 -13.8099 -13.606 -13.3806 -13.5337 -13.4909 -13.72 -13.7284 -13.7728 -13.4742 -13.683 -13.3651 -13.7571 -13.7874 -13.8474 -13.6605 -13.6519 -13.9338 -13.7657 -13.7246 -13.7063 
-13.6439 -13.06 -13.5861 -13.744 -13.2011 -13.4628 -13.5413 -13.4731 -13.4216 -13.1743 -12.8053 -13.6542 -12.7074 -12.8285 -13.2492 -13.6072 -13.4057 -12.6406 -13.3512 -13.2963 -13.5409 -12.7461 -12.1752 -13.3975 -13.6172 -12.9803 -13.5524 -13.536 -13.0748 -13.377 -12.9652 -13.3999 -13.1876 -13.4878 -13.2027 -13.4319 -13.3936 -13.0462 -12.6684 -13.4793 
