54.8537 54.307 53.8629 53.4154 53.0597 52.781 52.4953 52.2559 52.0942 51.9016 51.7026 51.5587 51.4969 51.2852 51.2018 51.1219 50.9504 50.9265 50.8469 50.752 50.6217 50.6122 50.5819 50.5031 50.4014 50.4474 50.3745 50.301 50.3 50.1643 50.31 50.2141 50.108 50.0598 50.0345 50.1165 49.9804 49.9569 50.0068 49.9427 49.8912 49.8928 49.9408 49.8796 49.7498 49.8466 49.7522 49.709 49.7094 49.748 49.7326 
54.9483 54.2668 53.773 53.3259 53.0701 52.8214 52.4801 52.2102 52.1123 51.9596 51.7385 51.5449 51.4497 51.2764 51.2778 51.1035 51.0311 50.9162 50.8717 50.8108 50.6518 50.6456 50.6225 50.4886 50.4798 50.4132 50.4046 50.3552 50.2525 50.154 50.2418 50.1821 50.0418 50.0388 50.0374 50.1245 49.9401 50.0427 49.8843 49.9524 49.8983 49.8353 49.8939 49.7831 49.8637 49.807 49.7824 49.7891 49.7659 49.7277 49.7507 
54.9136 54.2841 53.7677 53.3086 53.0806 52.6922 52.5073 52.2705 52.0569 51.8505 51.7921 51.504 51.3959 51.3588 51.1457 51.1778 50.9912 50.9177 50.9316 50.73 50.7263 50.6223 50.5607 50.5112 50.5076 50.4419 50.3502 50.2937 50.248 50.2454 50.2017 50.1069 50.1185 50.0846 50.0085 50.0416 50.0538 50.0372 49.8556 49.9113 49.8685 49.9106 49.8959 49.7904 49.8289 49.7809 49.7578 49.7437 49.8777 49.7682 49.7218 
54.8729 54.332 53.7608 53.377 53.0722 52.7848 52.5208 52.273 52.069 51.8672 51.6838 51.5864 51.4826 51.3122 51.1848 51.0339 50.9439 50.9233 50.8264 50.7608 50.6924 50.6529 50.5797 50.4489 50.5078 50.4295 50.3522 50.2998 50.3323 50.2163 50.2073 50.1191 50.1142 50.0684 50.0924 50.0795 49.9352 49.9207 49.9665 49.9748 49.8143 49.9382 49.9757 49.8702 49.8446 49.7957 49.7201 49.7317 49.7531 49.6883 49.7493 
54.9273 54.2819 53.7759 53.4047 53.101 52.7507 52.4432 52.292 52.0797 51.9222 51.7324 51.5899 51.4655 51.3361 51.2559 51.0375 51.0205 50.9404 50.8727 50.7241 50.6688 50.614 50.5543 50.5446 50.4447 50.3957 50.4143 50.2813 50.2976 50.2311 50.187 50.2233 50.0832 50.1812 50.0942 49.9498 49.9911 50.0562 49.9776 49.8513 49.9672 49.8843 49.931 49.8432 49.7964 49.7345 49.8087 49.7261 49.7407 49.7484 49.7428 
54.945 54.329 53.8083 53.3845 53.0568 52.8221 52.4714 52.2297 52.0797 51.9609 51.6719 51.5849 51.3881 51.36 51.1823 51.1315 51.0644 50.9006 50.8158 50.8321 50.7538 50.5829 50.5959 50.5687 50.4868 50.4556 50.4188 50.3969 50.3499 50.2722 50.1989 50.1305 50.1191 50.1056 50.0259 50.0029 50.0262 49.9316 49.9941 49.9155 49.8752 49.8899 49.9064 49.7519 49.8123 49.7642 49.7627 49.7667 49.7887 49.7623 49.7856 
54.876 54.3782 53.8766 53.4325 53.1043 52.7294 52.5707 52.2775 52.0044 51.8238 51.7245 51.5762 51.4612 51.3389 51.2405 51.0829 50.9384 50.8398 50.8761 50.8028 50.7079 50.5966 50.6031 50.5549 50.4701 50.4124 50.3723 50.231 50.3158 50.2249 50.2698 50.1983 50.1715 50.1322 50.035 50.1135 50.0344 49.9879 49.904 49.9245 49.8864 49.895 49.8479 49.9001 49.949 49.8028 49.7206 49.7443 49.7474 49.837 49.6436 
54.9089 54.3247 53.7387 53.4047 53.079 52.7771 52.5339 52.3243 52.0256 51.9041 51.727 51.5574 51.4361 51.3426 51.1999 51.1084 50.9955 50.8478 50.8734 50.7567 50.6055 50.6112 50.5585 50.51 50.4648 50.3612 50.461 50.3494 50.3124 50.2056 50.2176 50.1266 50.1797 50.0973 50.1581 49.9759 50.032 50.0125 50.0504 49.9918 49.9432 49.8563 49.8565 49.7481 49.7923 49.7701 49.7463 49.7659 49.7009 49.7126 49.7523 
54.9204 54.2409 53.7191 53.3214 53.0427 52.7579 52.4981 52.2813 52.0866 51.8105 51.6213 51.621 51.4513 51.3232 51.1982 51.1596 51.0083 50.9963 50.8175 50.7648 50.6962 50.6594 50.5335 50.5247 50.4579 50.4312 50.4093 50.3026 50.2591 50.1403 50.1472 50.1692 50.1621 50.0559 50.0694 50.0926 49.9592 49.9505 49.9378 49.9226 49.8978 49.8407 49.85 49.7687 49.9012 49.8237 49.7062 49.6998 49.721 49.7351 49.6729 
54.889 54.286 53.7901 53.4353 53.1698 52.775 52.5045 52.3316 52.0067 51.84 51.7424 51.6165 51.4269 51.3036 51.1705 51.0951 51.035 50.8749 50.849 50.6609 50.7156 50.6363 50.5346 50.569 50.4349 50.3663 50.3259 50.2773 50.2676 50.1544 50.2754 50.1501 50.1294 50.0316 50.0526 50.0645 49.9982 49.8933 49.8888 49.8462 49.9198 49.8357 49.8014 49.8268 49.8706 49.8428 49.8576 49.8112 49.7374 49.7317 49.7257 
54.9791 54.4166 53.8538 53.4072 53.0988 52.6876 52.4734 52.2612 52.0157 51.9578 51.7125 51.4025 51.4886 51.3834 51.1754 51.0302 51.0386 50.8841 50.8058 50.7612 50.7246 50.611 50.5089 50.5187 50.4674 50.4036 50.3514 50.3638 50.2724 50.2418 50.1666 50.1341 50.1087 50.0665 50.0842 50.0755 49.9697 50.0756 49.9875 49.9511 49.9657 49.9428 49.8725 49.8785 49.7954 49.8773 49.7454 49.7979 49.7302 49.6786 49.672 
54.9162 54.2931 53.809 53.4047 53.0496 52.8465 52.4734 52.2521 52.0361 51.9256 51.677 51.5688 51.455 51.257 51.2038 51.081 50.9862 50.8879 50.8222 50.797 50.7264 50.6643 50.4868 50.4832 50.4233 50.374 50.4139 50.3467 50.2736 50.1944 50.169 50.2264 50.0841 50.1495 49.9815 50.0553 50.0436 49.977 49.9642 49.8822 49.9695 49.9122 49.8377 49.8721 49.9254 49.8122 49.7642 49.7846 49.7874 49.7137 49.765 
54.9924 54.3255 53.8892 53.423 53.0536 52.7112 52.5443 52.3355 51.992 51.8835 51.677 51.4734 51.4139 51.3155 51.2687 51.1283 50.9378 50.9978 50.865 50.8081 50.8203 50.6816 50.5765 50.5358 50.5109 50.3717 50.3077 50.3043 50.3298 50.2002 50.2196 50.0938 50.1544 50.0641 50.0414 50.0069 50.0228 49.9374 49.9802 49.814 49.9785 49.8666 49.9037 49.7949 49.9001 49.8575 49.8616 49.742 49.7756 49.7394 49.7519 
54.9549 54.3087 53.797 53.4154 53.0192 52.7171 52.4664 52.2087 52.0774 51.8694 51.7776 51.5811 51.3313 51.2965 51.1409 51.0797 51.0631 50.9409 50.8499 50.7337 50.6841 50.599 50.5243 50.533 50.4725 50.4128 50.3807 50.3537 50.1444 50.2447 50.2101 50.176 50.1515 50.0669 50.0922 50.0194 49.9947 49.9669 49.9253 49.8732 49.9348 49.9276 49.9193 49.9266 49.8118 49.7714 49.7278 49.7659 49.8067 49.7837 49.7406 
54.9288 54.3268 53.7793 53.4592 53.0392 52.6792 52.4119 52.3784 52.0793 51.7767 51.7428 51.5161 51.3863 51.2905 51.1553 51.0858 50.998 50.9817 50.7518 50.7326 50.6609 50.6711 50.5102 50.5329 50.432 50.3873 50.3559 50.2674 50.3043 50.1945 50.2561 50.114 50.1063 50.02 50.1484 49.9699 49.9391 49.9858 49.9725 49.9265 49.9061 49.8173 49.903 49.855 49.7672 49.7861 49.7379 49.7647 49.7862 49.7475 49.7597 
54.8835 54.2873 53.7703 53.3842 53.1206 52.7226 52.4507 52.252 52.1352 51.9524 51.6998 51.6179 51.4612 51.2608 51.1863 51.1992 51.049 50.9149 50.8621 50.7548 50.7259 50.6488 50.5152 50.5756 50.3833 50.324 50.3475 50.3631 50.2411 50.189 50.2204 50.1816 50.1423 50.0477 50.062 50.035 49.99 49.9333 49.9064 49.9695 49.9111 49.8922 49.8329 49.8359 49.8981 49.8336 49.76 49.752 49.7762 49.7284 49.8132 
54.8808 54.3541 53.8534 53.4476 52.9751 52.7796 52.5898 52.2786 52.0849 51.8041 51.6927 51.541 51.4575 51.1821 51.2559 51.1416 50.9908 50.9714 50.761 50.8618 50.7347 50.6401 50.5382 50.4768 50.3828 50.3744 50.4198 50.2805 50.301 50.2056 50.1746 50.2069 50.105 50.0478 50.0212 50.0522 50.0067 49.9665 49.9286 49.9377 49.8663 49.8406 49.8718 49.8357 49.7647 49.8811 49.7609 49.7013 49.7743 49.7335 49.6544 
54.8687 54.2958 53.7447 53.4312 53.0702 52.7081 52.428 52.355 52.0205 51.9165 51.6321 51.5941 51.4274 51.3391 51.1654 51.1668 50.9791 50.934 50.8137 50.773 50.7186 50.5879 50.5803 50.4228 50.553 50.3588 50.3635 50.3237 50.2611 50.2144 50.1388 50.2497 50.098 50.1311 50.127 50.0662 50.0127 49.9661 49.8608 49.9969 49.8762 49.8939 49.9313 49.7929 49.8672 49.748 49.7588 49.7721 49.7585 49.6851 49.716 
54.8896 54.2758 53.7738 53.3812 53.0471 52.7477 52.4958 52.3475 52.0404 51.9055 51.7071 51.5307 51.4394 51.3383 51.1343 51.1037 50.9813 50.9288 50.8489 50.7265 50.6525 50.6419 50.5827 50.4613 50.4374 50.447 50.3289 50.2005 50.2734 50.2933 50.1761 50.2221 50.1082 50.0542 50.059 49.9918 49.983 50.0303 50.0049 49.9554 49.841 49.8999 49.8319 49.8991 49.8409 49.8046 49.8302 49.8082 49.7685 49.7152 49.685 
55.0108 54.2417 53.7888 53.4502 53.074 52.7333 52.4832 52.3346 52.0451 51.9235 51.7246 51.5992 51.4082 51.4103 51.2135 51.101 50.9856 50.9329 50.7945 50.7272 50.6494 50.6536 50.5759 50.5262 50.5127 50.319 50.3605 50.2673 50.244 50.1626 50.2035 50.1679 50.0943 50.074 50.0523 50.011 50.0289 49.9856 49.9766 49.94 49.9301 49.827 49.8941 49.7858 49.9262 49.849 49.6805 49.7867 49.7364 49.74 49.6984 
54.8946 54.3276 53.8454 53.4049 53.0718 52.7432 52.4782 52.2792 51.989 51.88 51.7388 51.57 51.3869 51.3184 51.231 51.0258 50.976 50.9492 50.8989 50.7858 50.6838 50.58 50.6297 50.5474 50.4258 50.3933 50.4001 50.3017 50.2649 50.2942 50.1481 50.1491 50.0842 50.0932 50.0868 50.0739 49.9738 50.0149 49.8963 49.9432 49.8841 49.8469 49.8445 49.8058 49.8755 49.8582 49.7548 49.7837 49.7302 49.7309 49.735 
54.9623 54.2433 53.8604 53.3421 53.0767 52.7888 52.4871 52.2927 52.0787 51.8528 51.6553 51.6174 51.4436 51.3836 51.2041 51.1459 50.9768 50.9089 50.786 50.7545 50.6992 50.6307 50.5356 50.4293 50.4094 50.4316 50.355 50.285 50.3235 50.2047 50.1746 50.175 50.1027 50.118 50.0196 49.9832 50.0011 50.0209 50.0406 49.9113 49.898 49.913 49.9115 49.8334 49.7935 49.8526 49.7968 49.7542 49.7409 49.7027 49.6683 
54.92 54.2691 53.8952 53.4249 53.0419 52.7216 52.4262 52.2912 52.1635 51.8935 51.6604 51.6314 51.4485 51.2957 51.1198 51.0893 50.9826 50.9953 50.8124 50.8143 50.7166 50.659 50.5919 50.5114 50.5196 50.3822 50.3603 50.3642 50.2274 50.1683 50.1856 50.1343 50.1553 50.1771 50.0203 49.9921 50.0083 50.0252 50.0217 49.864 49.9528 49.7993 49.8148 49.7315 49.8522 49.7846 49.7048 49.7965 49.7323 49.736 49.7094 
54.9677 54.3569 53.8362 53.4688 53.0716 52.6953 52.4608 52.34 52.0727 51.7895 51.7114 51.6294 51.4625 51.3229 51.1512 51.1526 51.0853 50.9326 50.9161 50.7376 50.6387 50.6734 50.5046 50.5684 50.4399 50.4686 50.4411 50.3492 50.3462 50.2752 50.1532 50.1803 50.053 50.1561 50.1153 49.9572 50.0442 49.9006 49.9019 49.952 49.9445 49.8023 49.8455 49.7299 49.8419 49.7775 49.7959 49.7546 49.7936 49.6998 49.6711 
55.0228 54.3081 53.821 53.3424 53.0626 52.7386 52.518 52.1975 52.0849 51.877 51.7441 51.5451 51.3936 51.3145 51.191 51.1119 51.0159 50.8826 50.7627 50.7134 50.6967 50.6908 50.5825 50.5994 50.471 50.3588 50.2585 50.281 50.3235 50.2567 50.1647 50.1198 50.0976 50.1046 50.1332 49.9795 50.0282 49.9962 49.9836 49.8694 49.822 49.8287 49.941 49.8073 49.9149 49.8824 49.818 49.8261 49.6833 49.7216 49.609 
54.9397 54.3108 53.7767 53.3743 53.0294 52.7141 52.463 52.3462 51.9916 51.8598 51.694 51.5727 51.4176 51.3323 51.1679 51.0751 50.959 50.9629 50.7985 50.7002 50.6689 50.6523 50.4563 50.4412 50.4669 50.4335 50.3074 50.2623 50.2833 50.2561 50.0966 50.1157 50.1619 50.128 50.1071 50.113 50.053 49.9528 49.892 49.9269 49.9968 49.9609 49.8383 49.7928 49.812 49.7945 49.8154 49.7682 49.6773 49.7437 49.7667 
54.8661 54.2943 53.8777 53.4382 53.0351 52.7205 52.429 52.2679 52.1178 51.9029 51.6683 51.5351 51.5123 51.3197 51.2249 51.1046 51.028 50.9106 50.8141 50.8261 50.6863 50.6846 50.4759 50.5495 50.4875 50.3651 50.443 50.4108 50.2944 50.2223 50.1891 50.153 50.2062 50.0532 50.0917 50.0171 50.0497 49.9649 49.9505 49.9355 49.9 49.9173 49.9171 49.8612 49.8028 49.8222 49.7766 49.7988 49.69 49.7165 49.6426 
54.944 54.3355 53.7926 53.3888 53.072 52.868 52.4601 52.297 52.0562 51.8822 51.7726 51.5214 51.426 51.3346 51.1576 51.1674 51.0706 50.926 50.8222 50.6723 50.69 50.59 50.6149 50.4918 50.4978 50.4254 50.3663 50.298 50.2385 50.2188 50.2107 50.2234 50.1711 50.093 50.1384 50.0337 49.9951 49.9793 49.9794 49.9993 49.9502 49.891 49.8163 49.8576 49.8368 49.8336 49.8351 49.8468 49.7281 49.724 49.7599 
54.8767 54.3289 53.7982 53.4443 52.9982 52.6448 52.4955 52.2138 52.0804 51.9139 51.7354 51.5307 51.4659 51.3295 51.2092 51.1105 50.9845 51.0222 50.8302 50.7499 50.7 50.6591 50.6374 50.4998 50.5128 50.3721 50.4004 50.304 50.1897 50.3298 50.1974 50.1743 50.1492 50.1656 50.0657 50.0602 50.0451 50.0613 49.9603 49.953 50.0006 49.8708 49.872 49.8554 49.8685 49.7271 49.6917 49.709 49.7821 49.7112 49.76 
54.8919 54.2621 53.8829 53.3699 52.9697 52.7425 52.4237 52.2946 52.0862 51.937 51.6911 51.5386 51.3807 51.2445 51.2249 51.0776 50.9438 50.846 50.8528 50.7884 50.6727 50.556 50.4688 50.5533 50.5438 50.4231 50.3433 50.387 50.3359 50.2087 50.1928 50.1399 50.101 50.0403 50.0382 50.0275 49.9582 50.0208 49.9269 49.8344 49.9004 49.8608 49.825 49.8146 49.7901 49.7839 49.7007 49.8668 49.8094 49.6605 49.7428 
54.8641 54.3304 53.7966 53.3173 53.0096 52.7503 52.5335 52.2745 52.0759 51.8817 51.7191 51.5165 51.4124 51.312 51.1739 51.1099 50.9569 50.884 50.8209 50.733 50.728 50.673 50.5054 50.5446 50.4378 50.3436 50.3445 50.3209 50.3013 50.1634 50.1193 50.1808 50.0784 50.0682 50.0705 50.0339 50.0175 50.0207 49.9967 49.923 49.8829 49.868 49.8257 49.8398 49.8201 49.799 49.7861 49.8019 49.8948 49.7978 49.8246 
54.9488 54.3136 53.7907 53.3979 53.0936 52.799 52.5022 52.2856 52.0438 51.8826 51.6364 51.5089 51.412 51.2484 51.1347 51.1414 51.0534 50.9233 50.8248 50.7657 50.7603 50.6324 50.5322 50.4919 50.4153 50.4567 50.3752 50.3132 50.3455 50.233 50.1677 50.1101 50.1247 50.0938 50.0303 49.9956 49.9834 49.9978 49.967 49.8618 49.9262 49.9661 49.8626 49.901 49.7619 49.8178 49.8977 49.7521 49.7852 49.7082 49.7737 
54.9477 54.2683 53.7714 53.373 53.0324 52.77 52.5206 52.1857 52.1534 51.9291 51.7576 51.4695 51.4114 51.3421 51.1814 51.1256 50.9778 50.9333 50.8101 50.7422 50.7246 50.6189 50.5102 50.5844 50.5363 50.3874 50.3507 50.2816 50.2213 50.2766 50.199 50.0916 50.093 49.9933 50.0791 49.9864 49.9933 50.0026 49.9378 49.9271 49.9251 49.9089 49.8861 49.8527 49.8226 49.7844 49.827 49.8605 49.773 49.6897 49.698 
54.9076 54.2396 53.812 53.4004 53.1069 52.7599 52.4254 52.2401 52.085 51.8862 51.749 51.548 51.3567 51.3426 51.1255 51.1024 50.9846 50.9096 50.8212 50.7624 50.7631 50.6253 50.6373 50.5687 50.4087 50.4316 50.3276 50.329 50.2318 50.1919 50.1374 50.2296 50.1146 50.074 49.9952 50.0368 49.9849 49.9626 49.9432 49.9537 49.8712 49.8364 49.7809 49.8754 49.8248 49.7852 49.7597 49.864 49.7413 49.7915 49.7111 
54.8764 54.3287 53.8406 53.3847 53.0771 52.7271 52.5737 52.3098 52.0744 51.8825 51.6979 51.6325 51.4766 51.3181 51.1491 51.1195 51.0007 50.9021 50.9236 50.8382 50.7219 50.6465 50.523 50.538 50.4761 50.4404 50.3578 50.3509 50.2375 50.1808 50.2046 50.0559 50.1232 50.1343 50.0505 50.0855 49.9835 50.0248 49.9226 49.8815 49.9784 49.8366 49.8728 49.9019 49.8251 49.834 49.7582 49.7065 49.7163 49.7744 49.7175 
54.9692 54.285 53.8724 53.4267 53.0371 52.7311 52.5251 52.2814 52.0358 51.8215 51.7994 51.5924 51.3798 51.3486 51.1189 51.09 51.0573 50.9387 50.7508 50.7186 50.7072 50.5649 50.5299 50.511 50.5029 50.3931 50.3736 50.3192 50.2505 50.259 50.1309 50.181 50.0969 50.1012 50.0509 49.9736 49.9444 49.9545 49.9306 49.8989 49.8903 49.8587 49.8478 49.8045 49.7893 49.8175 49.8364 49.7822 49.7052 49.7222 49.7497 
54.9297 54.3051 53.8436 53.3674 53.0276 52.8018 52.4905 52.3036 52.031 51.9181 51.6981 51.6605 51.4684 51.3873 51.1955 51.1557 51.0048 50.8696 50.916 50.7698 50.7208 50.6979 50.5003 50.514 50.4698 50.4468 50.4081 50.2391 50.2597 50.2085 50.1656 50.1448 50.1433 50.1904 50.166 50.1243 50.0097 49.9829 49.9963 49.9759 49.8942 49.8221 49.8205 49.8295 49.8107 49.8118 49.7482 49.8066 49.8319 49.7899 49.6754 
54.9639 54.304 53.7996 53.3406 53.102 52.7493 52.4941 52.2328 52.0637 51.9299 51.7007 51.5787 51.4687 51.2525 51.2072 51.1095 50.9854 50.9245 50.9223 50.77 50.721 50.5759 50.6399 50.517 50.4631 50.3658 50.3722 50.3423 50.1846 50.2739 50.1953 50.2124 50.1021 50.1144 50.1457 50.0831 49.9552 49.9791 49.9729 49.9104 49.8738 49.8176 49.8329 49.8227 49.8231 49.7849 49.7983 49.7051 49.8421 49.7138 49.7694 
54.9352 54.3218 53.7787 53.3586 52.9937 52.7171 52.5622 52.2055 52.0808 51.9059 51.7441 51.5821 51.4351 51.2792 51.2456 51.0573 51.075 50.976 50.8952 50.7544 50.6416 50.534 50.5821 50.5125 50.3965 50.3923 50.3385 50.3804 50.2418 50.2828 50.1108 50.1041 50.0993 50.081 50.0735 49.9988 50.0632 50.0264 49.9655 49.9409 49.9507 49.9083 49.8865 49.9128 49.8504 49.753 49.7319 49.788 49.7491 49.711 49.7082 
54.9312 54.3151 53.8154 53.3558 53.0433 52.816 52.4101 52.2985 52.0577 51.8425 51.7818 51.5152 51.4613 51.3461 51.1784 51.0892 51.0273 50.9444 50.8841 50.7066 50.7057 50.6249 50.5738 50.5052 50.4562 50.4452 50.3061 50.3011 50.2511 50.2959 50.129 50.1424 50.1165 50.1927 50.1347 50.0102 49.9834 50.0372 49.9079 49.9594 50.0164 49.938 49.8682 49.8192 49.8468 49.7768 49.7692 49.76 49.7742 49.7471 49.7614 
54.9143 54.3051 53.7716 53.4749 53.0442 52.743 52.4772 52.1951 52.0429 51.8803 51.7467 51.5829 51.5423 51.3337 51.2308 51.0227 51.0164 50.9237 50.8761 50.7786 50.7069 50.5973 50.5282 50.5252 50.4462 50.3904 50.4163 50.3809 50.2525 50.1446 50.1845 50.1699 50.1131 50.147 50.1328 50.0722 50.004 49.9383 49.9288 49.8675 49.9451 49.816 49.8535 49.8853 49.7948 49.8141 49.6698 49.8543 49.7501 49.7058 49.6752 
54.9275 54.3737 53.8324 53.4036 53.0483 52.8291 52.502 52.2483 52.0675 51.8888 51.7024 51.4963 51.3828 51.3221 51.1989 51.0876 51.0097 50.9171 50.8327 50.7375 50.7351 50.612 50.6264 50.5391 50.4271 50.4866 50.3599 50.2553 50.29 50.3357 50.2281 50.1482 50.1656 50.0988 50.0254 49.9816 50.0438 49.8956 49.9624 49.9742 49.8899 49.8597 49.8306 49.8644 49.846 49.7755 49.7226 49.8006 49.8293 49.7223 49.7208 
54.9146 54.3826 53.7489 53.3904 53.0121 52.7839 52.4466 52.266 52.1118 51.8154 51.6536 51.5523 51.474 51.3 51.2075 51.1589 51.0975 50.9367 50.8551 50.7889 50.7185 50.6639 50.4836 50.4791 50.483 50.4486 50.2567 50.2649 50.3115 50.2133 50.2349 50.197 50.1138 50.0969 50.1178 50.052 49.9672 49.8743 49.9468 49.9085 50.0123 49.92 49.8526 49.8308 49.8194 49.8415 49.7867 49.7597 49.8287 49.737 49.7839 
54.8867 54.268 53.7942 53.3477 53.0474 52.7728 52.5375 52.2422 51.9665 51.8271 51.718 51.6722 51.4596 51.2654 51.2904 51.0876 51.0029 50.9187 50.8196 50.77 50.7524 50.6374 50.6315 50.5303 50.4267 50.406 50.3304 50.3432 50.3479 50.2709 50.235 50.1309 50.1523 50.0891 50.0618 50.0752 50.0945 49.959 49.8971 49.9346 49.8982 49.9124 49.8456 49.8396 49.7674 49.7345 49.7627 49.7636 49.7212 49.7452 49.807 
54.9358 54.2732 53.7923 53.4505 53.0769 52.77 52.528 52.2516 52.036 51.7891 51.7246 51.5416 51.3968 51.2651 51.1855 51.1202 50.9733 50.785 50.8606 50.7671 50.7073 50.6666 50.6014 50.4676 50.5256 50.3522 50.413 50.3121 50.3056 50.2582 50.252 50.1562 50.1846 50.0716 50.0224 49.9802 50.0318 49.9943 49.9282 49.9218 49.8056 49.8073 49.9007 49.8481 49.7233 49.7654 49.739 49.8244 49.7199 49.739 49.6851 
54.9258 54.2587 53.6855 53.434 53.1153 52.8173 52.5042 52.2505 52.0816 51.935 51.5949 51.572 51.4314 51.3763 51.2308 51.0427 51.0553 50.9457 50.8643 50.7799 50.669 50.6106 50.5896 50.5423 50.5407 50.3246 50.3907 50.2809 50.2373 50.181 50.2228 50.1482 50.1686 50.0506 50.039 49.9763 50.0716 50.0194 49.9268 49.902 49.9245 49.9317 49.779 49.7428 49.7991 49.8126 49.8648 49.7901 49.706 49.7846 49.7625 
54.873 54.2593 53.7567 53.3944 53.0814 52.7506 52.4094 52.2869 52.0503 51.8989 51.7876 51.5406 51.4533 51.3062 51.1695 51.0937 50.9746 50.9386 50.8845 50.7118 50.7345 50.6079 50.6176 50.5539 50.4616 50.3424 50.304 50.3531 50.2973 50.2097 50.1927 50.1348 50.1146 50.0925 50.0264 50.0187 50.0545 49.9832 50.0204 49.9802 49.8574 49.8537 49.8586 49.878 49.8892 49.8192 49.8152 49.7341 49.7274 49.7672 49.8274 
54.8569 54.3618 53.8195 53.329 53.0813 52.816 52.489 52.1763 52.0792 51.8586 51.6823 51.5142 51.4301 51.2824 51.2086 51.1046 50.9874 50.9218 50.8127 50.8848 50.708 50.6379 50.5511 50.4826 50.4539 50.4351 50.3441 50.3135 50.2157 50.273 50.2724 50.1859 50.1356 50.0762 50.0819 50.0707 49.9619 49.9675 49.9277 49.9579 49.8802 49.8128 49.8623 49.8625 49.8229 49.7304 49.7896 49.8499 49.8191 49.6645 49.7116 
54.9286 54.34 53.8086 53.3753 53.072 52.7168 52.5245 52.2445 52.0995 51.8417 51.7405 51.5699 51.4171 51.3732 51.1754 51.1326 50.9031 50.8687 50.9046 50.7864 50.6827 50.6153 50.5441 50.5725 50.4324 50.4499 50.373 50.3049 50.2913 50.2637 50.2 50.1515 50.1666 50.099 49.9896 50.1133 50.0962 49.9481 49.9151 49.9109 49.9427 49.9316 49.9252 49.8974 49.8798 49.8051 49.7317 49.809 49.7535 49.786 49.8135 
54.8807 54.3347 53.8196 53.3453 53.0256 52.7141 52.5311 52.2186 52.0134 51.9335 51.7103 51.6152 51.4087 51.3176 51.1651 51.0673 51.0058 50.9253 50.7585 50.7829 50.7257 50.5966 50.6365 50.4571 50.4502 50.3774 50.2961 50.3406 50.2606 50.1773 50.1606 50.0583 50.2317 50.0551 50.0177 50.0309 50.0864 49.9712 49.995 49.9094 49.9293 49.9092 49.912 49.8763 49.7803 49.8324 49.8184 49.7956 49.6454 49.7157 49.6996 
55.0309 54.2862 53.819 53.3894 52.9996 52.7732 52.5082 52.2405 52.1283 51.8391 51.7312 51.5417 51.4266 51.2717 51.2028 51.1024 50.953 50.9412 50.8383 50.7499 50.5916 50.6816 50.6441 50.5202 50.4663 50.3548 50.3935 50.3122 50.2989 50.2114 50.2055 50.219 50.1564 50.089 50.056 50.071 49.9571 49.9335 49.9627 49.9492 49.9408 49.8903 49.8323 49.8477 49.8482 49.7899 49.8211 49.6664 49.6722 49.6745 49.8225 
54.9552 54.2823 53.8249 53.3376 52.9924 52.7152 52.4415 52.27 51.9347 51.883 51.6491 51.5481 51.337 51.3721 51.1964 51.136 50.9647 50.8678 50.8047 50.7052 50.6447 50.6536 50.5924 50.5303 50.4838 50.2921 50.4535 50.2463 50.2439 50.2538 50.2173 50.2037 50.051 50.0084 50.0834 50.0028 49.9656 49.8875 49.9352 49.9451 49.9328 49.9275 49.9181 49.8848 49.7703 49.7754 49.7881 49.7929 49.7024 49.7388 49.7178 
54.9798 54.3007 53.8115 53.4152 53.084 52.7296 52.471 52.29 52.0642 51.8385 51.7448 51.5814 51.4895 51.2994 51.1959 51.1146 50.9764 50.7998 50.8464 50.8242 50.6833 50.6069 50.5913 50.5175 50.4331 50.4069 50.3767 50.2886 50.2416 50.2004 50.1603 50.2229 50.1645 50.0842 49.9577 50.0044 50.0012 49.962 49.9599 49.8996 49.9243 49.9163 49.9117 49.7605 49.8719 49.8261 49.7375 49.683 49.7478 49.8486 49.7086 
54.9267 54.2471 53.788 53.408 53.0131 52.6445 52.4624 52.2147 52.035 51.9005 51.7155 51.6138 51.4048 51.3318 51.1826 51.0611 51.0025 50.8324 50.9158 50.7334 50.7606 50.5713 50.6035 50.5002 50.5012 50.3894 50.3025 50.282 50.2234 50.2572 50.2037 50.1561 50.1067 50.0457 50.1165 49.9794 50.0282 50.0487 49.9361 49.8588 49.916 49.8539 49.8697 49.7754 49.8237 49.7629 49.8163 49.7682 49.7957 49.7848 49.7724 
54.8962 54.3177 53.7909 53.3773 53.0718 52.8081 52.4634 52.2842 52.1715 51.8873 51.6946 51.5951 51.4776 51.2582 51.2126 51.0827 51.0457 50.8807 50.8601 50.7655 50.6507 50.5789 50.5127 50.5683 50.4792 50.442 50.3636 50.2929 50.2694 50.2769 50.199 50.2191 50.0925 50.108 50.0686 49.9288 50.0235 49.8889 49.9727 49.9624 49.9021 49.8745 49.9207 49.8257 49.7752 49.7743 49.8222 49.7682 49.7173 49.7019 49.7704 
54.9198 54.3129 53.7925 53.3721 53.0476 52.7945 52.4811 52.2552 51.9877 51.9173 51.7199 51.5396 51.4044 51.3267 51.2551 51.1163 51.0449 50.9551 50.7921 50.733 50.7197 50.6414 50.6281 50.5418 50.4131 50.3957 50.3369 50.255 50.2588 50.3047 50.2246 50.1763 50.0622 50.0519 50.0236 50.0608 50.0555 49.9655 49.9532 49.9143 49.936 49.8642 49.785 49.8798 49.7552 49.7255 49.8166 49.7796 49.7469 49.7901 49.742 
54.8698 54.4046 53.7687 53.3901 53.0648 52.8006 52.5835 52.3072 52.0983 51.8803 51.6701 51.559 51.3854 51.3385 51.2353 51.0799 51.0752 50.8546 50.7695 50.7101 50.6378 50.5476 50.6583 50.5001 50.4635 50.4323 50.321 50.2893 50.2781 50.2482 50.1956 50.1523 50.1372 50.0195 50.0872 50.0074 50.0804 50.0158 49.8565 49.8746 49.9183 49.8818 49.8666 49.8199 49.8975 49.8645 49.7428 49.7154 49.7572 49.7454 49.7079 
54.9404 54.3045 53.8351 53.4116 53.05 52.754 52.4877 52.2383 52.0172 51.9085 51.7896 51.5641 51.4527 51.3013 51.224 51.0713 51.0078 50.9296 50.8569 50.8205 50.643 50.6347 50.575 50.4919 50.4727 50.396 50.3255 50.2668 50.2101 50.2242 50.1625 50.1599 50.1465 50.1121 50.0371 50.0932 50.0513 50.0635 49.9177 49.9435 49.8509 49.9408 49.9164 49.806 49.7133 49.8177 49.6927 49.7749 49.7863 49.7189 49.7589 
54.9573 54.3004 53.7728 53.4374 53.0762 52.8207 52.4984 52.301 52.0253 51.8583 51.6658 51.4976 51.4797 51.3152 51.1636 51.0545 50.95 50.882 50.8819 50.7156 50.716 50.6082 50.503 50.5108 50.4806 50.4547 50.3203 50.2985 50.2377 50.2035 50.241 50.0954 50.0958 50.1568 50.1683 49.9738 49.9607 49.9738 49.9674 49.9353 49.9447 49.8625 49.818 49.852 49.8209 49.7737 49.7757 49.7505 49.7365 49.6629 49.7529 
55.0005 54.3533 53.7516 53.4368 53.0454 52.7647 52.4641 52.2587 52.0115 51.8608 51.6895 51.6069 51.4543 51.3531 51.1911 51.0471 51.0923 50.8734 50.8257 50.844 50.6972 50.6425 50.5525 50.4572 50.4085 50.4641 50.3691 50.2514 50.2321 50.2388 50.2157 50.102 50.1861 50.0474 50.0438 49.9774 50.0002 49.9674 49.8813 49.9524 49.9057 49.8967 49.8712 49.8891 49.8195 49.8244 49.8064 49.812 49.7352 49.6253 49.7608 
54.9077 54.32 53.8323 53.3709 53.0191 52.7803 52.3894 52.3165 52.1075 51.8745 51.7775 51.5076 51.4087 51.3692 51.1512 51.1711 50.9845 50.8975 50.8383 50.8186 50.7387 50.7171 50.5951 50.5047 50.3912 50.3901 50.3811 50.294 50.3069 50.181 50.201 50.1975 50.1822 50.0127 49.9873 49.9536 50.0271 50.0201 49.8715 49.9094 49.8499 49.8216 49.8139 49.9618 49.855 49.8595 49.7396 49.8479 49.7428 49.7679 49.7181 
54.9265 54.2961 53.8448 53.3706 53.0298 52.7135 52.5217 52.2951 52.082 51.8218 51.6985 51.5035 51.4198 51.3618 51.21 51.0992 51.0253 50.8778 50.7417 50.7525 50.759 50.6026 50.586 50.5095 50.4064 50.3783 50.4115 50.2612 50.2647 50.2324 50.2201 50.1463 50.0905 50.0649 50.1256 49.9648 50.121 50.0106 49.938 49.9115 49.8239 49.8225 49.7785 49.8217 49.8134 49.9078 49.7889 49.7234 49.6994 49.685 49.8256 
54.8785 54.3397 53.7927 53.3825 53.0806 52.7557 52.4787 52.2435 52.0819 51.9105 51.6822 51.4942 51.4085 51.2899 51.1159 51.0425 51.0485 50.9282 50.8519 50.6955 50.6769 50.596 50.5485 50.4631 50.452 50.4539 50.3867 50.3066 50.3331 50.2044 50.126 50.1549 50.2248 50.1461 49.9937 50.0031 49.9473 49.9818 49.8915 49.9285 49.8613 49.8987 49.9019 49.7587 49.8083 49.798 49.75 49.7712 49.8162 49.6747 49.7066 
55.0194 54.2709 53.814 53.3864 53.0775 52.7468 52.4654 52.2133 52.1187 51.8717 51.715 51.5983 51.4453 51.3722 51.194 51.0743 51.0108 50.8971 50.9106 50.8325 50.7514 50.6365 50.5525 50.4952 50.4895 50.369 50.3438 50.3233 50.3057 50.1373 50.1466 50.17 50.1591 50.0607 50.1 50.0255 50.078 50.0388 49.9684 50.0091 49.8021 49.8918 49.8569 49.8796 49.8644 49.8125 49.733 49.8111 49.8404 49.6872 49.6733 
54.9139 54.3498 53.7538 53.366 53.052 52.7435 52.4378 52.3099 52.0616 51.8992 51.6922 51.4752 51.4368 51.322 51.2358 51.092 50.9834 50.9427 50.8718 50.7195 50.6754 50.6121 50.5557 50.6088 50.4746 50.4452 50.3969 50.2413 50.2267 50.1982 50.2741 50.1508 50.1981 50.1564 50.0493 49.9936 49.9749 49.9677 49.933 50.0241 49.8927 49.8415 49.8462 49.762 49.8338 49.7987 49.8522 49.7109 49.6987 49.7373 49.6859 
54.8943 54.37 53.8083 53.3596 53.0433 52.7452 52.5584 52.3156 52.0641 51.9223 51.7086 51.5907 51.3836 51.3511 51.2385 51.0402 50.9764 50.9137 50.861 50.7863 50.5864 50.621 50.5282 50.5404 50.4774 50.4772 50.309 50.3576 50.2413 50.3049 50.1895 50.2201 50.2008 50.1456 50.0773 50.074 49.9971 49.987 49.9278 49.92 49.9163 49.8874 49.905 49.7843 49.7371 49.8318 49.8275 49.678 49.687 49.628 49.6743 
54.8935 54.3043 53.7865 53.3718 53.0111 52.727 52.5414 52.2749 52.0067 51.8518 51.7852 51.5219 51.4594 51.2449 51.1795 51.1099 51.0157 50.933 50.791 50.8075 50.7546 50.6341 50.557 50.4896 50.379 50.3529 50.3859 50.3396 50.1975 50.2741 50.1895 50.0675 50.0703 50.0304 50.0442 49.9858 49.9586 49.9475 49.9369 49.9694 49.9652 49.7976 49.8092 49.7911 49.8225 49.7713 49.719 49.745 49.707 49.8038 49.7544 
54.9255 54.279 53.9016 53.317 53.0238 52.7421 52.4688 52.2647 52.0464 51.8591 51.7418 51.5741 51.4708 51.3631 51.0654 51.1013 50.9843 50.8796 50.8097 50.7296 50.7707 50.5728 50.4319 50.5289 50.4119 50.4111 50.3347 50.3092 50.2797 50.2732 50.1727 50.1529 50.1861 50.1349 49.9729 50.0481 50.0157 49.9222 49.9359 49.9811 50.0014 49.9268 49.8736 49.8469 49.8188 49.7309 49.8368 49.8132 49.784 49.7689 49.7561 
54.9141 54.2989 53.7647 53.3742 53.0844 52.7636 52.4134 52.3122 52.0829 51.9124 51.6985 51.5731 51.4198 51.3308 51.1838 51.0862 50.9468 50.9408 50.8577 50.7877 50.7021 50.6476 50.5951 50.4742 50.4904 50.4331 50.3633 50.3171 50.3398 50.2326 50.202 50.1608 50.1805 50.1493 50.075 50.0564 49.9605 49.9544 49.9982 49.9081 49.9532 49.8321 49.8577 49.8557 49.7985 49.8274 49.7659 49.7874 49.7848 49.7056 49.7282 
54.9811 54.2991 53.84 53.3926 53.0237 52.7426 52.3698 52.3406 52.0457 51.9057 51.7136 51.5947 51.3942 51.2363 51.2135 51.1048 51.0446 50.8681 50.8196 50.7426 50.5863 50.6621 50.5618 50.477 50.4725 50.3792 50.4128 50.2426 50.2513 50.2035 50.2058 50.1015 50.1631 50.1644 50.0112 50.0684 49.9415 50.0089 49.9695 50.0665 49.8488 49.8344 49.8865 49.8364 49.7828 49.8401 49.8188 49.7719 49.7578 49.7593 49.7231 
54.9556 54.3224 53.8156 53.3839 53.0421 52.7535 52.3661 52.2764 52.056 51.8508 51.7403 51.4885 51.5025 51.2944 51.2463 51.1432 51.0172 50.9296 50.8377 50.7541 50.7137 50.6438 50.5455 50.5238 50.4179 50.4502 50.2805 50.3243 50.2642 50.1902 50.2567 50.1859 50.0305 50.1155 49.9359 50.059 49.9642 49.9682 49.9222 50.0153 49.8852 49.9723 49.847 49.793 49.8499 49.8675 49.806 49.7483 49.7088 49.8242 49.6902 
54.8454 54.3253 53.8188 53.4073 53.0572 52.7951 52.5069 52.2351 52.0881 51.8595 51.7765 51.6399 51.4919 51.3198 51.1365 51.1215 51.0454 50.9601 50.8603 50.7791 50.6604 50.6328 50.5765 50.4547 50.4779 50.504 50.3699 50.2733 50.2436 50.3013 50.1922 50.09 50.1447 50.1168 50.0624 50.0246 50.0174 50.0125 49.9263 49.8879 49.8449 49.9275 49.9002 49.9256 49.7874 49.8163 49.7784 49.7987 49.7473 49.8234 49.7431 
54.9222 54.1746 53.9061 53.4004 53.0098 52.7741 52.4201 52.2041 52.0759 51.8394 51.6403 51.4626 51.4213 51.3191 51.2323 51.0073 51.0685 50.8946 50.8713 50.7787 50.6793 50.6512 50.534 50.4582 50.3862 50.443 50.3808 50.3024 50.205 50.2683 50.2326 50.1576 50.1283 50.1394 50.0636 49.9629 49.9712 49.9699 49.984 49.953 49.8972 49.8331 49.8611 49.9162 49.8287 49.8401 49.752 49.731 49.6979 49.7671 49.8471 
54.9049 54.3189 53.7865 53.4789 53.065 52.7499 52.5149 52.3239 52.1088 51.8248 51.818 51.5693 51.4461 51.2895 51.1897 51.1166 50.9935 50.9271 50.8857 50.6594 50.6596 50.6589 50.6138 50.5297 50.4479 50.4496 50.5018 50.3775 50.2131 50.203 50.2195 50.1905 50.1179 50.0129 50.057 50.0593 50.0368 49.9669 49.9764 50.0087 49.9481 49.9049 49.8487 49.8817 49.8758 49.8379 49.7407 49.824 49.7664 49.761 49.6564 
54.9569 54.3212 53.8103 53.4231 53.0117 52.701 52.499 52.2818 52.0964 51.9081 51.7111 51.5754 51.4239 51.2535 51.2346 51.0804 50.9689 50.9177 50.8339 50.8126 50.581 50.6664 50.6069 50.5 50.4612 50.4069 50.404 50.3674 50.2751 50.2077 50.2052 50.1812 50.1649 50.0273 50.0562 49.9939 49.9408 50.0247 49.9222 49.9106 49.922 49.8434 49.8456 49.8864 49.843 49.7607 49.7977 49.8145 49.7505 49.8124 49.7142 
54.8745 54.2758 53.8287 53.3772 53.0617 52.7726 52.4929 52.1878 52.0624 51.8689 51.7463 51.5812 51.4456 51.2865 51.2165 51.1531 50.9717 50.8892 50.8097 50.8976 50.7015 50.6701 50.496 50.4935 50.4483 50.3701 50.3315 50.2646 50.3439 50.1971 50.1868 50.1682 50.1239 50.0778 50.0668 50.0246 50.0265 49.9246 49.8493 50.0054 49.8396 49.8645 49.8483 49.8637 49.7722 49.7893 49.6801 49.7306 49.7602 49.761 49.7351 
54.9245 54.2771 53.8954 53.3933 53.0535 52.7924 52.534 52.2451 52.1043 51.8259 51.6791 51.5361 51.4355 51.3678 51.2475 51.121 51.0284 50.932 50.7771 50.7519 50.7126 50.7148 50.4879 50.5284 50.4714 50.4872 50.4035 50.27 50.2317 50.258 50.1591 50.1401 50.1749 50.0896 50.0339 50.0044 50.008 49.9098 49.9716 49.9001 49.9529 49.8892 49.8464 49.8754 49.7985 49.7374 49.795 49.7907 49.6671 49.6876 49.6975 
54.9263 54.2959 53.8708 53.444 53.0744 52.7615 52.526 52.2208 52.1576 51.8974 51.7627 51.5929 51.489 51.2617 51.1879 51.0775 50.986 50.8782 50.8618 50.7663 50.636 50.5823 50.5729 50.551 50.3931 50.4306 50.3921 50.3117 50.2487 50.169 50.0898 50.075 50.1247 50.0767 50.1426 50.0795 50.0018 50.0301 49.8624 50.0508 49.8685 49.8347 49.8233 49.8212 49.8116 49.868 49.7286 49.7976 49.8083 49.7242 49.6959 
54.8692 54.2786 53.8444 53.325 53.0177 52.7538 52.4883 52.2158 52.0824 51.8304 51.7287 51.5318 51.4462 51.294 51.1377 51.1052 51.0046 51.0035 50.8583 50.7251 50.6516 50.7208 50.5926 50.471 50.523 50.3616 50.3843 50.3231 50.2642 50.1686 50.2385 50.163 50.1002 50.0823 50.1431 50.0472 50.0344 49.9738 49.8993 49.9751 49.9809 49.8665 49.8235 49.8299 49.8786 49.7856 49.746 49.6705 49.7649 49.6936 49.743 
54.9764 54.3075 53.8217 53.4278 53.1007 52.7063 52.4866 52.3237 52.0805 51.8994 51.7412 51.6144 51.406 51.3757 51.1589 51.1199 50.9985 50.932 50.7934 50.7129 50.699 50.6397 50.535 50.5333 50.4162 50.3986 50.4117 50.3632 50.2572 50.2012 50.1656 50.1645 50.2276 50.1703 50.0485 50.0048 50.0264 50.0829 49.9432 50.0042 49.9368 49.956 49.8928 49.8111 49.7807 49.802 49.7672 49.7071 49.8015 49.815 49.6724 
54.878 54.2978 53.8243 53.5151 53.087 52.7405 52.5142 52.3162 52.0911 51.8459 51.6949 51.6176 51.4769 51.326 51.2779 51.0926 50.9688 50.9198 50.7818 50.8601 50.7765 50.6412 50.6112 50.5275 50.4563 50.429 50.364 50.3227 50.3225 50.2276 50.1397 50.2028 50.1587 50.1557 50.0177 50.0898 49.9583 49.9259 50.0511 49.9426 49.8734 49.9342 49.9517 49.7955 49.812 49.8203 49.7593 49.8154 49.7831 49.7349 49.7624 
54.8843 54.1628 53.8678 53.4267 53.0226 52.7737 52.4347 52.2674 52.0498 51.8233 51.8459 51.598 51.4353 51.3601 51.2071 51.1262 51.0228 50.8854 50.9314 50.6812 50.7431 50.7178 50.5763 50.4887 50.407 50.399 50.3497 50.2247 50.2522 50.2844 50.083 50.2206 50.0527 50.0584 50.0953 50.063 49.8809 49.9449 49.8683 49.9247 49.9254 49.7869 49.8352 49.8481 49.7591 49.739 49.8721 49.8993 49.7862 49.7361 49.7636 
54.9365 54.3289 53.7576 53.3813 53.0579 52.8031 52.4694 52.2338 52.0641 51.8771 51.691 51.5775 51.4414 51.2644 51.118 51.0988 51.0584 50.8712 50.9171 50.786 50.6953 50.535 50.5684 50.5031 50.5824 50.4 50.3293 50.2894 50.271 50.2831 50.1574 50.1664 50.1243 50.1334 50.0115 49.9753 49.9198 49.927 49.9975 50.0037 49.9193 49.8866 49.8503 49.7696 49.7336 49.7689 49.84 49.8163 49.7582 49.6844 49.7268 
54.8854 54.3368 53.9079 53.322 53.1012 52.8359 52.4811 52.2786 52.0716 51.9169 51.6708 51.5866 51.3766 51.2825 51.2386 51.1658 51.0562 50.9281 50.8137 50.7996 50.6803 50.6044 50.5643 50.4072 50.4121 50.3501 50.3567 50.2738 50.2937 50.2507 50.2791 50.1857 50.1221 50.0441 50.033 50.0998 50.038 50.0164 49.9725 49.9483 49.9046 49.9126 49.7948 49.7955 49.8422 49.9326 49.685 49.7748 49.8694 49.7608 49.6648 
54.9181 54.2486 53.782 53.3723 53.0996 52.6985 52.514 52.2707 52.0478 51.8727 51.6628 51.636 51.4153 51.3379 51.2066 51.0662 51.0134 50.8878 50.8748 50.8192 50.7026 50.6859 50.5792 50.5288 50.4417 50.4036 50.3871 50.3534 50.2111 50.2724 50.1446 50.182 50.1264 50.0618 50.0643 50.0331 49.972 49.9312 49.9333 49.9995 49.953 49.8663 49.913 49.7577 49.7936 49.779 49.756 49.8062 49.7743 49.7072 49.6835 
54.9155 54.2471 53.839 53.3653 53.0468 52.7683 52.4113 52.2989 52.0209 51.8464 51.8045 51.5708 51.471 51.2895 51.1393 51.1354 51.0423 50.9495 50.8484 50.8045 50.6504 50.6504 50.5703 50.4665 50.447 50.4254 50.3254 50.3661 50.4001 50.2107 50.1568 50.1632 50.1526 50.0975 50.0375 50.0836 50.0144 50.007 49.9922 49.9718 49.8409 49.907 49.9948 49.8402 49.782 49.8181 49.7544 49.7332 49.7396 49.7585 49.6887 
54.8856 54.3657 53.8253 53.5271 53.0564 52.685 52.4811 52.3 52.1039 51.878 51.602 51.5709 51.4968 51.3657 51.2182 51.0147 51.0329 50.9061 50.8494 50.779 50.7103 50.59 50.5911 50.4463 50.5493 50.3951 50.352 50.3212 50.3371 50.2562 50.2595 50.117 50.1204 50.0834 50.1294 50.0732 50.029 49.927 49.9815 49.9274 49.7982 49.8597 49.8292 49.9006 49.7838 49.8269 49.8156 49.7563 49.7683 49.7688 49.6735 
54.9593 54.2748 53.7914 53.3824 53.0692 52.7092 52.432 52.2578 52.0037 51.886 51.7428 51.581 51.3998 51.3915 51.2806 51.1332 50.9639 50.8601 50.8916 50.7884 50.6666 50.6087 50.6717 50.5018 50.4418 50.386 50.3759 50.3527 50.273 50.1617 50.2083 50.1169 50.1155 50.0503 50.0005 50.0375 50.0269 49.974 49.9511 49.9028 49.8605 49.8303 49.9864 49.9207 49.7784 49.8176 49.7779 49.728 49.7502 49.656 49.6928 
54.8361 54.3092 53.7931 53.385 52.9954 52.7737 52.449 52.249 52.0253 51.8212 51.7219 51.5172 51.4031 51.2978 51.2216 51.0786 50.9744 50.8264 50.8819 50.7283 50.6393 50.6774 50.6204 50.5268 50.3784 50.2972 50.3745 50.2987 50.2024 50.1981 50.2398 50.1996 50.1379 50.1356 50.0406 50.0204 49.9404 49.9006 49.9162 49.9845 49.8476 49.824 49.9276 49.8608 49.7991 49.7941 49.854 49.8305 49.7017 49.8013 49.7864 
54.9674 54.2619 53.8021 53.3488 53.1137 52.7206 52.4577 52.2924 51.9872 51.8156 51.7268 51.6482 51.4286 51.3345 51.2051 51.1007 50.9926 50.9218 50.8529 50.794 50.7831 50.6007 50.512 50.5879 50.4169 50.3858 50.3621 50.2973 50.2929 50.1842 50.2217 50.1878 50.1636 50.1204 50.0816 50.0212 50.0973 49.9688 50.0057 49.8864 49.9399 49.9286 49.8244 49.8732 49.7563 49.78 49.7584 49.7751 49.7141 49.782 49.7152 
54.9198 54.3777 53.7565 53.458 53.0692 52.8006 52.4616 52.2318 52.0739 51.7462 51.7323 51.5574 51.5204 51.2931 51.172 51.1046 51.0262 50.8368 50.8174 50.7525 50.6894 50.6371 50.5622 50.4973 50.3406 50.3546 50.3531 50.2899 50.2415 50.2811 50.1591 50.1076 50.1521 50.0952 50.0596 49.9927 50.065 49.9595 49.9645 49.918 49.9136 49.9172 49.8914 49.8088 49.8243 49.8205 49.8845 49.7131 49.7152 49.7604 49.7563 
54.9547 54.334 53.7845 53.4331 53.0245 52.7418 52.5292 52.1795 52.1382 51.7894 51.7105 51.5999 51.4144 51.2794 51.1686 51.1831 50.9802 51.0001 50.8363 50.7142 50.6839 50.5795 50.5575 50.5699 50.4896 50.3479 50.38 50.2561 50.3359 50.1662 50.1801 50.212 50.1463 50.0915 50.0492 49.9517 50.0423 49.9412 50.0079 49.9338 49.9329 49.8693 49.9337 49.7764 49.8209 49.8159 49.7708 49.8071 49.7529 49.7105 49.7204 
54.9126 54.307 53.8053 53.3471 53.0381 52.7801 52.5159 52.232 52.1277 51.8699 51.6837 51.4494 51.4275 51.36 51.2706 51.1824 51.0308 50.9011 50.8468 50.7219 50.6874 50.6628 50.6003 50.5496 50.3864 50.3779 50.2919 50.3826 50.3242 50.2722 50.2341 50.0891 50.157 50.0673 49.9698 50.0568 50.0512 49.9129 49.9855 49.9174 49.9678 49.8867 49.8695 49.8 49.8474 49.8165 49.8235 49.7821 49.7733 49.7673 49.7456 
54.9033 54.4111 53.7695 53.2978 53.0198 52.7821 52.4837 52.279 52.0709 51.8208 51.6238 51.5069 51.4112 51.2259 51.2125 51.1029 50.938 50.9411 50.8019 50.767 50.653 50.6247 50.5669 50.4572 50.4755 50.3368 50.3838 50.3047 50.3991 50.2435 50.1442 50.0825 50.184 50.0735 50.0482 50.0618 50.0463 50.0089 49.9111 49.9057 49.8871 49.8807 49.8907 49.834 49.8049 49.8362 49.8323 49.7192 49.7431 49.7265 49.7088 
54.9689 54.3702 53.8922 53.4112 53.0592 52.7251 52.5091 52.3011 52.0211 51.9072 51.7682 51.6058 51.3902 51.371 51.1756 51.0918 51.0257 50.8537 50.8282 50.7578 50.684 50.6658 50.5427 50.5406 50.5099 50.3802 50.3104 50.3214 50.2814 50.3216 50.218 50.1501 50.0575 50.1256 50.0899 49.9653 49.8963 49.9709 49.9523 49.9416 49.9355 49.8445 49.9519 49.9152 49.7689 49.7435 49.8419 49.8056 49.8394 49.7416 49.7607 
54.9149 54.2979 53.8077 53.342 53.1038 52.7679 52.502 52.2131 52.0245 51.9649 51.7084 51.5483 51.4739 51.3631 51.2314 51.1127 50.9985 51.0084 50.7837 50.7524 50.6703 50.6499 50.6324 50.477 50.4205 50.4586 50.459 50.309 50.2589 50.2863 50.2388 50.1452 50.1084 50.0271 50.0731 49.9982 50.012 49.9853 49.9614 49.929 49.8905 49.8008 49.8108 49.9056 49.8218 49.7709 49.7497 49.7411 49.7189 49.7007 49.7579 
54.97 54.3796 53.7752 53.4446 53.0089 52.7714 52.4974 52.254 52.084 51.8562 51.7392 51.6308 51.4143 51.3204 51.2209 51.1219 50.9559 50.9721 50.9289 50.7225 50.6994 50.6069 50.604 50.4627 50.5667 50.3321 50.318 50.2112 50.2307 50.239 50.1806 50.1773 50.0755 50.0956 50.1484 50.038 50.0207 49.9714 50.0027 49.9781 49.8606 49.7441 49.8978 49.8314 49.7879 49.7399 49.8546 49.7524 49.7214 49.6733 49.809 
55.0322 54.2991 53.8537 53.4028 53.0149 52.8064 52.4798 52.3164 52.0339 51.9114 51.6916 51.5908 51.4545 51.3392 51.175 51.0836 50.9333 50.9316 50.8179 50.7673 50.6608 50.4772 50.5171 50.5293 50.546 50.3063 50.323 50.2011 50.2841 50.2229 50.1358 50.1906 50.1469 50.0037 49.9998 50.1624 50.0695 50.0126 49.9012 49.971 49.9221 49.9416 49.8117 49.9194 49.8501 49.8406 49.7966 49.773 49.7909 49.7674 49.7655 
54.904 54.2572 53.7227 53.315 53.0724 52.8312 52.4421 52.3051 52.1293 51.858 51.5761 51.5951 51.4301 51.3237 51.203 51.1412 50.9294 50.932 50.8826 50.6783 50.7386 50.6027 50.5633 50.4668 50.4124 50.4064 50.3978 50.2955 50.3507 50.2414 50.2181 50.1294 50.0689 50.0737 50.0121 50.0335 49.9291 50.0212 49.9532 49.8597 49.9322 49.9023 50.0063 49.7905 49.8052 49.8296 49.8043 49.7771 49.807 49.656 49.6658 
54.9588 54.3725 53.8312 53.3869 53.0727 52.7854 52.4205 52.2212 52.1142 51.8535 51.6754 51.5092 51.4098 51.3355 51.1954 51.0891 50.9815 50.93 50.8908 50.7619 50.7803 50.6221 50.5226 50.5306 50.538 50.4584 50.3412 50.3167 50.2259 50.2522 50.1752 50.1951 50.0408 50.1169 50.12 49.9023 49.9871 49.9867 49.9539 49.922 49.8992 49.8599 49.7995 49.9108 49.8441 49.8081 49.8016 49.7853 49.7413 49.7702 49.679 
