-2.80026 -2.81819 -2.83038 -2.84472 -2.84523 -2.8509 -2.85856 -2.86288 -2.85989 -2.86307 -2.86436 -2.86822 -2.86667 -2.87243 -2.86716 -2.86866 -2.87047 -2.86642 -2.86996 -2.86841 -2.87223 -2.8642 -2.86783 -2.86923 -2.86702 -2.87113 -2.86733 -2.86658 -2.86961 -2.86933 -2.8655 -2.86538 -2.86773 -2.87199 -2.86493 -2.86374 -2.86216 -2.86352 -2.86631 -2.86471 -2.86241 -2.86237 -2.86629 -2.86281 -2.86181 -2.86338 -2.86373 -2.86403 -2.86579 -2.85968 -2.86212 
-2.79511 -2.81779 -2.82871 -2.84607 -2.84413 -2.84836 -2.85594 -2.86012 -2.85969 -2.86263 -2.86737 -2.86892 -2.8667 -2.87 -2.8702 -2.86513 -2.87156 -2.86924 -2.86924 -2.86956 -2.86992 -2.86799 -2.86678 -2.87063 -2.8692 -2.86574 -2.87093 -2.86852 -2.86608 -2.86955 -2.86546 -2.86551 -2.86702 -2.86965 -2.86166 -2.86041 -2.86825 -2.86126 -2.86174 -2.86621 -2.86257 -2.87227 -2.85787 -2.86354 -2.86131 -2.86303 -2.86081 -2.86088 -2.86178 -2.86009 -2.85996 
-2.80015 -2.81697 -2.82907 -2.84505 -2.84314 -2.85412 -2.8566 -2.8574 -2.86356 -2.86632 -2.86497 -2.86956 -2.86767 -2.86862 -2.87329 -2.86637 -2.87038 -2.87053 -2.86632 -2.87183 -2.87325 -2.87071 -2.87385 -2.86849 -2.867 -2.86737 -2.86599 -2.86236 -2.87045 -2.86356 -2.86679 -2.86654 -2.86618 -2.87092 -2.86316 -2.8663 -2.87084 -2.86715 -2.86267 -2.8647 -2.86326 -2.86324 -2.85989 -2.86428 -2.86631 -2.86534 -2.8592 -2.86395 -2.86021 -2.86454 -2.86326 
-2.8015 -2.82096 -2.83036 -2.84257 -2.84624 -2.84927 -2.85724 -2.85969 -2.86196 -2.86231 -2.86348 -2.86598 -2.8653 -2.8658 -2.87 -2.86815 -2.87013 -2.86582 -2.86907 -2.86813 -2.86872 -2.86834 -2.86507 -2.86943 -2.8698 -2.86876 -2.8728 -2.86428 -2.86601 -2.86716 -2.86534 -2.86257 -2.86792 -2.8654 -2.86779 -2.8684 -2.86807 -2.86735 -2.85986 -2.8649 -2.86323 -2.86316 -2.86384 -2.8601 -2.86423 -2.86386 -2.8611 -2.86254 -2.86138 -2.85896 -2.86085 
-2.7977 -2.81524 -2.82849 -2.83766 -2.84801 -2.85285 -2.85823 -2.86076 -2.86291 -2.86248 -2.86224 -2.86496 -2.86358 -2.86933 -2.86545 -2.86704 -2.86917 -2.86783 -2.87109 -2.87174 -2.86931 -2.86885 -2.86935 -2.86627 -2.86649 -2.87328 -2.87032 -2.86732 -2.86868 -2.86733 -2.87149 -2.86521 -2.86535 -2.86735 -2.86763 -2.86854 -2.8667 -2.86527 -2.86637 -2.86697 -2.86129 -2.86046 -2.86341 -2.8615 -2.86576 -2.86607 -2.864 -2.86165 -2.86323 -2.85961 -2.85951 
-2.80054 -2.81298 -2.82748 -2.84946 -2.84706 -2.84986 -2.85592 -2.85792 -2.85993 -2.86455 -2.86896 -2.86715 -2.86937 -2.86834 -2.87215 -2.872 -2.86962 -2.873 -2.86861 -2.86923 -2.86545 -2.86928 -2.86585 -2.8681 -2.87006 -2.87202 -2.86478 -2.86953 -2.8617 -2.8679 -2.86905 -2.87256 -2.86789 -2.86617 -2.86923 -2.86692 -2.86371 -2.86636 -2.86379 -2.87014 -2.86475 -2.86049 -2.86376 -2.86293 -2.86436 -2.86415 -2.86315 -2.86196 -2.86129 -2.86069 -2.86101 
-2.80134 -2.81762 -2.82817 -2.83709 -2.84623 -2.85005 -2.8534 -2.85871 -2.86429 -2.86208 -2.86478 -2.86362 -2.86779 -2.86971 -2.86491 -2.86795 -2.86612 -2.86673 -2.86657 -2.86684 -2.86478 -2.86762 -2.86972 -2.87037 -2.86962 -2.87261 -2.86862 -2.87171 -2.86952 -2.86962 -2.86572 -2.86971 -2.86293 -2.86326 -2.86936 -2.86574 -2.86665 -2.86815 -2.86966 -2.86279 -2.86559 -2.85891 -2.86637 -2.86151 -2.85925 -2.8594 -2.86225 -2.86673 -2.86371 -2.8642 -2.86346 
-2.80012 -2.81524 -2.83355 -2.83771 -2.84565 -2.85252 -2.85423 -2.86018 -2.8609 -2.86284 -2.86501 -2.86376 -2.86471 -2.87212 -2.87157 -2.8683 -2.87139 -2.87257 -2.87097 -2.87096 -2.86752 -2.87608 -2.86883 -2.87158 -2.8665 -2.86849 -2.8649 -2.86805 -2.86545 -2.86516 -2.8687 -2.86771 -2.86324 -2.86422 -2.86279 -2.86627 -2.86061 -2.86659 -2.86266 -2.85939 -2.86442 -2.86401 -2.86099 -2.86254 -2.86572 -2.86357 -2.85822 -2.86683 -2.86144 -2.86266 -2.86292 
-2.80032 -2.81705 -2.82865 -2.8413 -2.84383 -2.85182 -2.85255 -2.8591 -2.86035 -2.86137 -2.86768 -2.86631 -2.86724 -2.86773 -2.86848 -2.86982 -2.8677 -2.86995 -2.87145 -2.86876 -2.87068 -2.86937 -2.8644 -2.86624 -2.86539 -2.86719 -2.86414 -2.86893 -2.86791 -2.86871 -2.86823 -2.8699 -2.86822 -2.86692 -2.87058 -2.86403 -2.86518 -2.86585 -2.86414 -2.8674 -2.86449 -2.86163 -2.86742 -2.85879 -2.86089 -2.86316 -2.86211 -2.86387 -2.86319 -2.86239 -2.85899 
-2.79396 -2.81975 -2.82979 -2.83861 -2.84374 -2.85121 -2.85508 -2.85865 -2.86281 -2.86428 -2.86451 -2.86351 -2.86852 -2.86995 -2.87326 -2.87011 -2.86766 -2.87192 -2.86863 -2.87148 -2.86824 -2.86805 -2.8691 -2.8642 -2.87312 -2.87228 -2.86837 -2.87133 -2.86759 -2.8699 -2.86718 -2.86802 -2.86546 -2.86918 -2.86734 -2.8637 -2.86445 -2.86998 -2.86725 -2.86558 -2.86602 -2.87029 -2.86613 -2.86608 -2.86071 -2.86559 -2.85835 -2.86269 -2.86505 -2.86294 -2.86449 
-2.79604 -2.81437 -2.82813 -2.83854 -2.84254 -2.85714 -2.85634 -2.85723 -2.86474 -2.86563 -2.86685 -2.87146 -2.86584 -2.86812 -2.86862 -2.8709 -2.86769 -2.86902 -2.8696 -2.86853 -2.86846 -2.86904 -2.86922 -2.87067 -2.86733 -2.86733 -2.86716 -2.86895 -2.86596 -2.86575 -2.86704 -2.86645 -2.86715 -2.86944 -2.86798 -2.86465 -2.8654 -2.86379 -2.8624 -2.86364 -2.86393 -2.85818 -2.86795 -2.86032 -2.86468 -2.8601 -2.86115 -2.86404 -2.85968 -2.86337 -2.86533 
-2.80082 -2.81515 -2.82822 -2.84241 -2.84429 -2.85105 -2.85549 -2.86046 -2.86226 -2.85975 -2.86805 -2.86646 -2.86562 -2.86883 -2.86837 -2.86795 -2.86929 -2.86736 -2.87123 -2.8677 -2.86865 -2.87026 -2.86708 -2.86941 -2.8703 -2.86572 -2.8717 -2.86707 -2.86657 -2.86667 -2.86606 -2.8675 -2.86846 -2.86634 -2.86742 -2.86553 -2.86455 -2.86256 -2.86598 -2.86587 -2.85963 -2.86085 -2.86511 -2.86839 -2.86127 -2.86248 -2.86167 -2.86013 -2.86501 -2.86191 -2.86036 
-2.79701 -2.8177 -2.82644 -2.83835 -2.84564 -2.85188 -2.85295 -2.85842 -2.86551 -2.86241 -2.86941 -2.86839 -2.87184 -2.86906 -2.86798 -2.87001 -2.87127 -2.86661 -2.86847 -2.87065 -2.86619 -2.86828 -2.86433 -2.86642 -2.86518 -2.86919 -2.8717 -2.87089 -2.8666 -2.86837 -2.8702 -2.86648 -2.86685 -2.8665 -2.87024 -2.86853 -2.86266 -2.86327 -2.86406 -2.87168 -2.86625 -2.86907 -2.86575 -2.86638 -2.8619 -2.86068 -2.86011 -2.85959 -2.86643 -2.86425 -2.86567 
-2.80208 -2.81581 -2.82798 -2.83998 -2.84895 -2.85245 -2.85656 -2.85943 -2.85877 -2.8627 -2.86608 -2.86441 -2.86898 -2.8686 -2.86882 -2.87202 -2.87187 -2.86781 -2.86797 -2.86733 -2.87268 -2.86934 -2.8714 -2.86517 -2.86891 -2.86846 -2.86148 -2.86958 -2.86677 -2.87041 -2.86717 -2.86597 -2.86519 -2.86279 -2.86376 -2.86428 -2.86838 -2.86963 -2.86437 -2.86673 -2.86274 -2.86391 -2.86224 -2.86055 -2.86368 -2.8622 -2.86494 -2.86042 -2.86269 -2.8581 -2.86566 
-2.79697 -2.81836 -2.82933 -2.83321 -2.84833 -2.85043 -2.85803 -2.86056 -2.86285 -2.86619 -2.86465 -2.86492 -2.87184 -2.86801 -2.86936 -2.86785 -2.86685 -2.86526 -2.87549 -2.87206 -2.86832 -2.86638 -2.86844 -2.86701 -2.86907 -2.8672 -2.8697 -2.86742 -2.86942 -2.86995 -2.86776 -2.86941 -2.86708 -2.86829 -2.86511 -2.862 -2.86374 -2.86405 -2.86656 -2.86661 -2.86532 -2.86397 -2.85723 -2.86601 -2.86347 -2.86541 -2.86605 -2.86671 -2.86571 -2.86344 -2.86242 
-2.80095 -2.81875 -2.8333 -2.83982 -2.84881 -2.85403 -2.86098 -2.86043 -2.86392 -2.86339 -2.86487 -2.86375 -2.8688 -2.87093 -2.86663 -2.86626 -2.86712 -2.8697 -2.87149 -2.86659 -2.86916 -2.86995 -2.8714 -2.86872 -2.86956 -2.86964 -2.86807 -2.86861 -2.86922 -2.86996 -2.86409 -2.87276 -2.86138 -2.86578 -2.86203 -2.86645 -2.8648 -2.86765 -2.86321 -2.86372 -2.86321 -2.86504 -2.86481 -2.86646 -2.86187 -2.86483 -2.86232 -2.86423 -2.86314 -2.86261 -2.85712 
-2.80013 -2.81665 -2.82766 -2.83501 -2.84957 -2.85402 -2.85623 -2.85947 -2.86401 -2.86502 -2.8644 -2.86588 -2.86638 -2.87382 -2.86744 -2.86837 -2.87191 -2.8718 -2.87111 -2.87177 -2.86658 -2.86695 -2.87035 -2.87125 -2.87487 -2.87092 -2.86633 -2.86868 -2.86503 -2.86768 -2.86699 -2.86877 -2.86852 -2.8687 -2.86761 -2.86374 -2.86252 -2.86378 -2.86839 -2.86021 -2.86883 -2.864 -2.86392 -2.86576 -2.86558 -2.86082 -2.8623 -2.86596 -2.8613 -2.85761 -2.86342 
-2.80086 -2.81407 -2.83104 -2.83984 -2.84571 -2.85354 -2.85589 -2.85771 -2.85917 -2.86113 -2.86802 -2.86712 -2.86488 -2.8679 -2.86383 -2.86726 -2.86925 -2.86898 -2.86904 -2.87325 -2.86877 -2.86713 -2.86923 -2.87449 -2.86832 -2.86519 -2.87161 -2.86887 -2.87116 -2.87124 -2.86927 -2.86392 -2.8697 -2.86655 -2.86407 -2.86521 -2.86489 -2.86624 -2.86588 -2.86496 -2.8663 -2.86186 -2.86202 -2.8627 -2.86298 -2.86286 -2.86509 -2.86232 -2.86528 -2.86038 -2.85864 
-2.79704 -2.82064 -2.83082 -2.83693 -2.84629 -2.85215 -2.8583 -2.86339 -2.86558 -2.86412 -2.86686 -2.873 -2.86913 -2.86927 -2.86994 -2.86789 -2.86718 -2.87197 -2.86362 -2.86953 -2.87144 -2.86649 -2.87052 -2.87306 -2.87188 -2.86441 -2.86613 -2.87179 -2.87054 -2.86691 -2.86871 -2.86257 -2.86926 -2.86497 -2.87024 -2.86136 -2.86303 -2.86623 -2.86465 -2.86753 -2.86014 -2.86298 -2.8616 -2.86332 -2.8625 -2.86391 -2.86081 -2.86506 -2.86218 -2.86272 -2.86226 
-2.79581 -2.81681 -2.82698 -2.84108 -2.84183 -2.84889 -2.85288 -2.85676 -2.8618 -2.86463 -2.86557 -2.86475 -2.86918 -2.86922 -2.8659 -2.86914 -2.86393 -2.86697 -2.87027 -2.87146 -2.86959 -2.87008 -2.86709 -2.8651 -2.86819 -2.86982 -2.87062 -2.86816 -2.86851 -2.86689 -2.86247 -2.86776 -2.86735 -2.86683 -2.8645 -2.86816 -2.86534 -2.86446 -2.86223 -2.86252 -2.8668 -2.8655 -2.86265 -2.86212 -2.85643 -2.86511 -2.86428 -2.86295 -2.85875 -2.86155 -2.86168 
-2.80383 -2.81757 -2.828 -2.83547 -2.84804 -2.85162 -2.85736 -2.85704 -2.86609 -2.86278 -2.86494 -2.86932 -2.87125 -2.87142 -2.86651 -2.87281 -2.86943 -2.8667 -2.87254 -2.86785 -2.86807 -2.86998 -2.87081 -2.86835 -2.87004 -2.8666 -2.87029 -2.86876 -2.87588 -2.86904 -2.86918 -2.86726 -2.8663 -2.86992 -2.86325 -2.86442 -2.86351 -2.86402 -2.8682 -2.86342 -2.86574 -2.8678 -2.86526 -2.86539 -2.86552 -2.86252 -2.86135 -2.86216 -2.85833 -2.86366 -2.86184 
-2.80073 -2.82272 -2.82611 -2.84382 -2.8434 -2.85041 -2.85729 -2.86235 -2.86095 -2.86741 -2.86598 -2.87146 -2.87176 -2.86945 -2.86633 -2.87455 -2.86853 -2.86675 -2.86956 -2.86898 -2.87117 -2.86826 -2.87026 -2.87023 -2.86811 -2.87162 -2.86939 -2.86464 -2.86694 -2.86757 -2.86669 -2.86784 -2.86542 -2.87092 -2.86882 -2.86377 -2.86717 -2.86139 -2.86427 -2.86335 -2.86614 -2.86846 -2.86483 -2.86343 -2.8636 -2.86485 -2.86169 -2.85906 -2.86518 -2.85931 -2.86283 
-2.79991 -2.82066 -2.82514 -2.8419 -2.84618 -2.85291 -2.85567 -2.8589 -2.86372 -2.86175 -2.86612 -2.86561 -2.87147 -2.86896 -2.8732 -2.86958 -2.87017 -2.86649 -2.87049 -2.86693 -2.86792 -2.87198 -2.86789 -2.87271 -2.87011 -2.86704 -2.86732 -2.87206 -2.86933 -2.86725 -2.86685 -2.86789 -2.86361 -2.86465 -2.86656 -2.86483 -2.8649 -2.86602 -2.86387 -2.86505 -2.86408 -2.86159 -2.86406 -2.8639 -2.86539 -2.86835 -2.8632 -2.85875 -2.86126 -2.86109 -2.8645 
-2.79567 -2.81451 -2.82954 -2.84278 -2.84732 -2.85027 -2.85366 -2.85568 -2.86482 -2.86547 -2.86331 -2.86321 -2.86621 -2.86884 -2.86859 -2.86855 -2.86737 -2.86505 -2.86913 -2.87037 -2.87264 -2.86698 -2.87075 -2.86796 -2.86887 -2.87044 -2.86898 -2.8692 -2.86768 -2.87193 -2.86951 -2.86405 -2.86467 -2.86564 -2.86586 -2.86684 -2.86376 -2.86807 -2.86449 -2.8641 -2.86426 -2.867 -2.86455 -2.86351 -2.86255 -2.86624 -2.86098 -2.86341 -2.86155 -2.85749 -2.85926 
-2.79781 -2.81945 -2.83047 -2.84214 -2.84459 -2.85234 -2.85262 -2.86188 -2.86346 -2.86616 -2.86211 -2.86593 -2.8689 -2.86942 -2.8711 -2.87002 -2.86932 -2.87345 -2.86879 -2.86976 -2.86911 -2.86812 -2.86791 -2.8676 -2.8688 -2.86877 -2.87048 -2.87076 -2.86732 -2.8681 -2.86608 -2.87568 -2.86746 -2.86787 -2.86741 -2.86712 -2.8666 -2.86462 -2.86311 -2.86663 -2.86537 -2.8628 -2.85942 -2.85972 -2.8626 -2.86337 -2.86215 -2.86044 -2.86487 -2.86306 -2.86628 
-2.79926 -2.81869 -2.83191 -2.84173 -2.8459 -2.84996 -2.86277 -2.85934 -2.86033 -2.86169 -2.86636 -2.86603 -2.86438 -2.86778 -2.86653 -2.86952 -2.87418 -2.86495 -2.86989 -2.8702 -2.86704 -2.865 -2.87168 -2.86922 -2.86428 -2.86818 -2.86913 -2.8727 -2.86479 -2.86748 -2.86918 -2.86693 -2.86489 -2.86674 -2.86473 -2.86519 -2.86225 -2.86837 -2.86114 -2.86717 -2.86641 -2.86769 -2.86116 -2.86395 -2.8624 -2.8631 -2.86109 -2.86331 -2.86193 -2.86186 -2.86187 
-2.80208 -2.8196 -2.83024 -2.84167 -2.8477 -2.85498 -2.85427 -2.85366 -2.85931 -2.86154 -2.86525 -2.86908 -2.86736 -2.86931 -2.86541 -2.87009 -2.87191 -2.86677 -2.8702 -2.86725 -2.86827 -2.86631 -2.8713 -2.86795 -2.86465 -2.86736 -2.87232 -2.86779 -2.86813 -2.86548 -2.86846 -2.86695 -2.86798 -2.86881 -2.86311 -2.86516 -2.85939 -2.86277 -2.86318 -2.8655 -2.86447 -2.86937 -2.86297 -2.86498 -2.86732 -2.86134 -2.86513 -2.86471 -2.86137 -2.86083 -2.86158 
-2.79833 -2.81448 -2.8309 -2.84022 -2.85058 -2.84755 -2.85461 -2.85904 -2.8624 -2.86099 -2.86273 -2.86517 -2.86522 -2.86643 -2.87289 -2.86792 -2.86879 -2.86796 -2.86883 -2.86974 -2.8716 -2.87073 -2.87175 -2.86733 -2.86751 -2.86859 -2.87284 -2.87152 -2.87027 -2.87072 -2.8745 -2.8663 -2.86729 -2.86649 -2.86739 -2.86543 -2.86197 -2.86616 -2.8635 -2.86438 -2.86225 -2.86669 -2.8629 -2.86569 -2.86208 -2.86025 -2.8588 -2.86583 -2.86601 -2.86006 -2.86439 
-2.80173 -2.81333 -2.82929 -2.83796 -2.84312 -2.85526 -2.85451 -2.85957 -2.86002 -2.86354 -2.86161 -2.86759 -2.86394 -2.87111 -2.87 -2.87266 -2.86867 -2.86545 -2.86705 -2.86915 -2.86448 -2.87171 -2.86938 -2.86669 -2.86584 -2.86901 -2.86634 -2.86902 -2.87234 -2.8688 -2.87107 -2.86862 -2.8616 -2.86451 -2.86551 -2.86493 -2.86269 -2.86257 -2.86278 -2.8637 -2.86181 -2.86633 -2.86175 -2.86625 -2.86509 -2.8675 -2.86342 -2.86686 -2.86151 -2.86143 -2.86878 
-2.79787 -2.81994 -2.82545 -2.84053 -2.84942 -2.8525 -2.86153 -2.85891 -2.86191 -2.85996 -2.86777 -2.86744 -2.86824 -2.86881 -2.86857 -2.8686 -2.87274 -2.87041 -2.86755 -2.87206 -2.86901 -2.86895 -2.8688 -2.87043 -2.86372 -2.87281 -2.86932 -2.86706 -2.8679 -2.86996 -2.86913 -2.86916 -2.86973 -2.87199 -2.8657 -2.86539 -2.86592 -2.86691 -2.86636 -2.86892 -2.86229 -2.86164 -2.86165 -2.86698 -2.86562 -2.8616 -2.85983 -2.85924 -2.86116 -2.86361 -2.86054 
-2.8018 -2.81717 -2.83039 -2.83901 -2.84716 -2.85299 -2.85469 -2.85988 -2.86412 -2.86328 -2.86379 -2.86716 -2.867 -2.8697 -2.86981 -2.87022 -2.87522 -2.86882 -2.87021 -2.86854 -2.86702 -2.8684 -2.86814 -2.8687 -2.86474 -2.87032 -2.87211 -2.87084 -2.86997 -2.86833 -2.86856 -2.86602 -2.87382 -2.86806 -2.8671 -2.86327 -2.86563 -2.86303 -2.86356 -2.86506 -2.86891 -2.86501 -2.86685 -2.86262 -2.86193 -2.85902 -2.8602 -2.8595 -2.86289 -2.86148 -2.85661 
-2.79456 -2.81722 -2.82862 -2.8365 -2.84516 -2.85313 -2.85259 -2.85939 -2.86162 -2.86839 -2.86409 -2.86847 -2.87084 -2.87018 -2.87076 -2.86789 -2.8701 -2.86983 -2.87071 -2.87003 -2.86868 -2.86714 -2.87234 -2.87156 -2.86864 -2.86832 -2.86667 -2.87272 -2.86471 -2.86456 -2.86927 -2.86924 -2.86606 -2.86525 -2.86889 -2.86772 -2.86318 -2.86483 -2.86217 -2.86354 -2.8656 -2.86165 -2.86437 -2.86227 -2.8623 -2.86201 -2.86091 -2.86517 -2.8642 -2.86359 -2.86128 
-2.79943 -2.82048 -2.83156 -2.84069 -2.84338 -2.8476 -2.85583 -2.86192 -2.86188 -2.86137 -2.86166 -2.86782 -2.8674 -2.8663 -2.86633 -2.86838 -2.87025 -2.8693 -2.86882 -2.86821 -2.86588 -2.87023 -2.87282 -2.86582 -2.86559 -2.87145 -2.86666 -2.86887 -2.86757 -2.86672 -2.8665 -2.87443 -2.86541 -2.86668 -2.86401 -2.86917 -2.86509 -2.86586 -2.86361 -2.86743 -2.86627 -2.86549 -2.86739 -2.86722 -2.86201 -2.86291 -2.86038 -2.85982 -2.86107 -2.85992 -2.86029 
-2.80007 -2.81583 -2.82991 -2.83835 -2.84366 -2.85143 -2.85911 -2.85819 -2.86142 -2.86253 -2.86388 -2.86647 -2.86783 -2.86888 -2.8685 -2.86401 -2.87045 -2.87289 -2.87148 -2.86836 -2.86603 -2.87631 -2.8675 -2.86707 -2.8715 -2.86879 -2.86849 -2.86612 -2.86888 -2.87092 -2.86739 -2.8674 -2.86476 -2.86709 -2.86995 -2.86728 -2.86642 -2.86554 -2.8648 -2.86508 -2.86276 -2.86288 -2.86875 -2.86556 -2.86314 -2.8654 -2.86566 -2.8638 -2.86488 -2.85939 -2.86049 
-2.79571 -2.81604 -2.8275 -2.83798 -2.84501 -2.85108 -2.85765 -2.85565 -2.86108 -2.86203 -2.8669 -2.86466 -2.8659 -2.87425 -2.8693 -2.86782 -2.86825 -2.86885 -2.87037 -2.87131 -2.87075 -2.86758 -2.8702 -2.87281 -2.86716 -2.86787 -2.86832 -2.87196 -2.86783 -2.86554 -2.8659 -2.8679 -2.86625 -2.86825 -2.86729 -2.86293 -2.86269 -2.8663 -2.86392 -2.86284 -2.86581 -2.86446 -2.86476 -2.86281 -2.86731 -2.86097 -2.86639 -2.86509 -2.86019 -2.85875 -2.86396 
-2.7972 -2.81898 -2.8289 -2.83657 -2.84543 -2.85394 -2.85395 -2.85783 -2.86115 -2.86162 -2.86464 -2.86791 -2.86632 -2.86618 -2.86843 -2.86773 -2.87094 -2.86808 -2.8688 -2.86948 -2.87027 -2.87216 -2.8718 -2.86615 -2.86777 -2.87337 -2.86301 -2.86789 -2.86838 -2.86322 -2.86622 -2.86883 -2.86744 -2.86396 -2.868 -2.86314 -2.8632 -2.86532 -2.86407 -2.86734 -2.86651 -2.86228 -2.86633 -2.86057 -2.86309 -2.86048 -2.86245 -2.86283 -2.86276 -2.85917 -2.86309 
-2.79595 -2.82025 -2.83108 -2.84242 -2.84777 -2.84845 -2.85988 -2.8606 -2.8611 -2.86194 -2.86169 -2.86596 -2.87148 -2.86644 -2.86446 -2.86803 -2.87122 -2.86655 -2.86319 -2.86732 -2.86568 -2.86941 -2.8689 -2.86619 -2.87111 -2.86953 -2.86345 -2.86778 -2.86604 -2.87148 -2.86613 -2.87301 -2.86525 -2.86726 -2.86708 -2.86322 -2.87372 -2.86207 -2.86595 -2.86125 -2.86446 -2.86385 -2.8646 -2.86322 -2.86418 -2.86136 -2.86845 -2.86147 -2.86126 -2.8618 -2.86672 
-2.79937 -2.81872 -2.83346 -2.83833 -2.84623 -2.85084 -2.85551 -2.85606 -2.85816 -2.86055 -2.86581 -2.86195 -2.86774 -2.8668 -2.87244 -2.86766 -2.87014 -2.86537 -2.86929 -2.86987 -2.87184 -2.87336 -2.86857 -2.87089 -2.87015 -2.87156 -2.8655 -2.87152 -2.86891 -2.86842 -2.86791 -2.86223 -2.86716 -2.86803 -2.86862 -2.8681 -2.86649 -2.86117 -2.86451 -2.86058 -2.86544 -2.86228 -2.86767 -2.86279 -2.86094 -2.86467 -2.86169 -2.86512 -2.86316 -2.86278 -2.86108 
-2.7983 -2.81745 -2.82942 -2.84624 -2.84455 -2.85393 -2.85903 -2.86153 -2.86016 -2.86298 -2.8664 -2.86687 -2.8625 -2.87216 -2.86849 -2.87134 -2.86789 -2.86719 -2.86653 -2.86809 -2.86714 -2.8704 -2.87017 -2.86717 -2.86978 -2.87312 -2.8683 -2.86597 -2.8651 -2.86678 -2.86507 -2.8707 -2.86866 -2.86714 -2.86453 -2.86786 -2.86179 -2.86365 -2.86391 -2.86642 -2.86309 -2.8604 -2.86695 -2.86255 -2.86661 -2.86537 -2.8625 -2.86495 -2.86123 -2.86378 -2.86555 
-2.79861 -2.81633 -2.83013 -2.83958 -2.8483 -2.84686 -2.85682 -2.85661 -2.86273 -2.86016 -2.86252 -2.87087 -2.86648 -2.86997 -2.86573 -2.86882 -2.87061 -2.86788 -2.86958 -2.87618 -2.86966 -2.8628 -2.8688 -2.87468 -2.86919 -2.86567 -2.87244 -2.87052 -2.86942 -2.87018 -2.86331 -2.86393 -2.86776 -2.86531 -2.86585 -2.86486 -2.86579 -2.86539 -2.86411 -2.86627 -2.86166 -2.86622 -2.86392 -2.86555 -2.86212 -2.86121 -2.86093 -2.86164 -2.8624 -2.86405 -2.85816 
-2.80223 -2.81905 -2.83046 -2.84151 -2.84681 -2.85115 -2.8551 -2.86182 -2.86524 -2.85862 -2.86512 -2.86616 -2.86357 -2.87147 -2.86626 -2.87122 -2.86772 -2.86536 -2.86982 -2.87107 -2.86576 -2.86635 -2.87015 -2.86875 -2.87243 -2.86931 -2.86718 -2.86477 -2.86572 -2.86838 -2.86574 -2.86815 -2.86297 -2.86835 -2.86329 -2.86705 -2.86746 -2.86352 -2.86459 -2.86991 -2.86238 -2.86421 -2.863 -2.86043 -2.86562 -2.8658 -2.86369 -2.86027 -2.86826 -2.85969 -2.86385 
-2.79888 -2.81527 -2.82923 -2.84096 -2.84441 -2.85215 -2.85387 -2.85789 -2.85999 -2.86315 -2.86542 -2.86654 -2.86384 -2.86817 -2.87102 -2.87035 -2.87114 -2.86872 -2.87219 -2.86799 -2.86943 -2.86809 -2.86972 -2.86678 -2.8699 -2.86777 -2.86867 -2.87038 -2.8663 -2.86413 -2.86247 -2.86847 -2.86507 -2.86529 -2.86979 -2.86548 -2.86425 -2.86527 -2.86207 -2.86698 -2.86298 -2.86573 -2.86301 -2.86249 -2.86243 -2.86336 -2.86341 -2.86243 -2.86187 -2.86368 -2.86145 
-2.80012 -2.81421 -2.83337 -2.84371 -2.84981 -2.85462 -2.85368 -2.85724 -2.86197 -2.87096 -2.86788 -2.86698 -2.869 -2.86517 -2.86879 -2.8715 -2.8672 -2.86966 -2.86828 -2.86953 -2.86574 -2.87115 -2.87236 -2.87204 -2.86984 -2.87352 -2.86783 -2.86476 -2.87082 -2.86628 -2.86836 -2.86752 -2.86534 -2.86966 -2.86593 -2.86056 -2.86435 -2.86492 -2.8643 -2.86696 -2.8655 -2.86548 -2.86178 -2.86265 -2.86416 -2.8655 -2.87123 -2.8677 -2.86346 -2.85939 -2.85979 
-2.79864 -2.81843 -2.83078 -2.84091 -2.84879 -2.8531 -2.8566 -2.85544 -2.86734 -2.87645 -2.8637 -2.86221 -2.86333 -2.86845 -2.86428 -2.86722 -2.87171 -2.87404 -2.86814 -2.86848 -2.87066 -2.86992 -2.8676 -2.87168 -2.86745 -2.86985 -2.87028 -2.87022 -2.87026 -2.8687 -2.86682 -2.86422 -2.86523 -2.86651 -2.86813 -2.86464 -2.86262 -2.86689 -2.86905 -2.86826 -2.8649 -2.86387 -2.86449 -2.8649 -2.86713 -2.86639 -2.86481 -2.86298 -2.86326 -2.86107 -2.85767 
-2.79758 -2.81918 -2.83634 -2.83603 -2.8484 -2.85369 -2.8556 -2.86011 -2.86244 -2.86124 -2.86758 -2.86952 -2.86952 -2.8706 -2.86776 -2.86991 -2.87131 -2.87105 -2.86846 -2.87355 -2.86956 -2.86854 -2.86881 -2.86914 -2.86714 -2.87099 -2.86798 -2.86806 -2.86487 -2.86672 -2.86387 -2.86441 -2.86583 -2.86384 -2.86899 -2.86572 -2.86606 -2.86866 -2.86275 -2.86441 -2.86361 -2.86748 -2.85893 -2.8592 -2.86749 -2.86231 -2.85941 -2.86178 -2.86133 -2.86801 -2.86226 
-2.79965 -2.81745 -2.83141 -2.84125 -2.84343 -2.84824 -2.85747 -2.86207 -2.85784 -2.86361 -2.87153 -2.86523 -2.86969 -2.86544 -2.86563 -2.87005 -2.86933 -2.86957 -2.86929 -2.86908 -2.87295 -2.8666 -2.86561 -2.86924 -2.86608 -2.87011 -2.87055 -2.86865 -2.86755 -2.86591 -2.86537 -2.86805 -2.87119 -2.86843 -2.86603 -2.86617 -2.86319 -2.86611 -2.86692 -2.8627 -2.86549 -2.86848 -2.86358 -2.8661 -2.86237 -2.86116 -2.86451 -2.86292 -2.86696 -2.86438 -2.86127 
-2.80292 -2.82113 -2.8319 -2.83692 -2.84281 -2.85025 -2.85513 -2.85429 -2.86163 -2.86169 -2.86311 -2.86713 -2.86843 -2.8678 -2.87093 -2.86928 -2.87154 -2.868 -2.86765 -2.87303 -2.86847 -2.86605 -2.86399 -2.86492 -2.86951 -2.87007 -2.87051 -2.8649 -2.86892 -2.86721 -2.86867 -2.86307 -2.8666 -2.8662 -2.86656 -2.867 -2.86323 -2.86755 -2.86471 -2.86325 -2.87181 -2.8636 -2.8661 -2.8652 -2.86 -2.87019 -2.86169 -2.86178 -2.8637 -2.86267 -2.85982 
-2.80423 -2.81641 -2.83289 -2.84181 -2.84882 -2.85376 -2.85865 -2.85784 -2.85723 -2.86429 -2.86338 -2.86555 -2.86636 -2.86626 -2.87082 -2.86769 -2.8748 -2.86772 -2.869 -2.86845 -2.86764 -2.86994 -2.86823 -2.87062 -2.86643 -2.86559 -2.86702 -2.86971 -2.86829 -2.87091 -2.8713 -2.8671 -2.86233 -2.86535 -2.86595 -2.86493 -2.86696 -2.86616 -2.8685 -2.86519 -2.86344 -2.86734 -2.86331 -2.86181 -2.86667 -2.85927 -2.86392 -2.85973 -2.85859 -2.86443 -2.86301 
-2.79758 -2.81652 -2.83022 -2.83831 -2.84982 -2.85096 -2.85275 -2.85854 -2.86167 -2.8646 -2.86669 -2.86946 -2.87144 -2.86277 -2.86891 -2.86984 -2.86872 -2.8659 -2.87134 -2.8671 -2.86666 -2.872 -2.86706 -2.87288 -2.87233 -2.87101 -2.86438 -2.86692 -2.86702 -2.86806 -2.86377 -2.86525 -2.86237 -2.86464 -2.86753 -2.86673 -2.86819 -2.86411 -2.86588 -2.86357 -2.86519 -2.86242 -2.85928 -2.86467 -2.86275 -2.86328 -2.8638 -2.86373 -2.86131 -2.86281 -2.86121 
-2.80175 -2.81785 -2.82931 -2.8417 -2.84597 -2.85102 -2.85863 -2.8586 -2.86333 -2.86542 -2.86267 -2.86836 -2.87212 -2.86413 -2.86943 -2.8706 -2.86364 -2.87062 -2.86673 -2.87321 -2.87195 -2.87144 -2.86695 -2.8689 -2.86808 -2.87232 -2.87204 -2.86834 -2.86442 -2.86615 -2.86585 -2.86942 -2.86691 -2.86671 -2.86865 -2.86731 -2.86294 -2.86584 -2.86245 -2.86406 -2.86442 -2.86244 -2.86118 -2.86598 -2.86354 -2.86271 -2.86058 -2.85998 -2.86357 -2.86288 -2.8632 
-2.79907 -2.82097 -2.83133 -2.8379 -2.84558 -2.85172 -2.85535 -2.86261 -2.8649 -2.86078 -2.86462 -2.86957 -2.86663 -2.868 -2.87152 -2.87046 -2.86665 -2.87212 -2.87215 -2.86986 -2.87244 -2.86896 -2.86636 -2.87351 -2.8684 -2.86821 -2.86576 -2.86519 -2.87149 -2.86904 -2.86871 -2.86158 -2.86633 -2.86231 -2.86592 -2.864 -2.86457 -2.86753 -2.86379 -2.86041 -2.86682 -2.8655 -2.86678 -2.86813 -2.8621 -2.86542 -2.8672 -2.86559 -2.86221 -2.86176 -2.86268 
-2.79823 -2.81363 -2.82472 -2.83951 -2.84858 -2.85328 -2.85761 -2.85993 -2.86635 -2.86517 -2.86931 -2.86735 -2.86912 -2.86608 -2.8677 -2.86895 -2.8688 -2.86416 -2.86835 -2.86882 -2.86592 -2.86804 -2.86912 -2.86981 -2.87275 -2.86937 -2.87166 -2.87214 -2.8683 -2.86794 -2.86553 -2.86453 -2.87089 -2.86856 -2.8674 -2.86729 -2.86527 -2.86768 -2.8616 -2.86951 -2.86408 -2.86329 -2.86253 -2.86411 -2.86304 -2.8642 -2.86183 -2.85929 -2.86055 -2.86426 -2.85995 
-2.80096 -2.82138 -2.82695 -2.8388 -2.84648 -2.85109 -2.85568 -2.85806 -2.86296 -2.8621 -2.8697 -2.86733 -2.85935 -2.87444 -2.8666 -2.8717 -2.87057 -2.87502 -2.8697 -2.86739 -2.8716 -2.868 -2.86977 -2.87093 -2.86952 -2.86479 -2.86455 -2.86687 -2.87076 -2.86312 -2.86488 -2.86851 -2.86726 -2.86836 -2.86759 -2.86622 -2.86323 -2.8639 -2.86421 -2.86513 -2.86312 -2.86844 -2.86272 -2.86783 -2.86209 -2.86454 -2.86213 -2.86399 -2.86272 -2.86226 -2.86386 
-2.79925 -2.81749 -2.82793 -2.84284 -2.84907 -2.85469 -2.85325 -2.8587 -2.86284 -2.86638 -2.86382 -2.86459 -2.86945 -2.86926 -2.86611 -2.869 -2.87137 -2.87116 -2.86927 -2.87172 -2.86645 -2.87124 -2.86629 -2.86999 -2.86571 -2.86649 -2.86606 -2.86585 -2.86885 -2.86777 -2.86112 -2.86681 -2.86939 -2.86446 -2.86819 -2.8657 -2.86666 -2.8662 -2.86517 -2.86393 -2.86371 -2.86308 -2.86095 -2.86585 -2.86205 -2.86332 -2.86324 -2.86655 -2.86177 -2.86086 -2.86347 
-2.79949 -2.8151 -2.83227 -2.84204 -2.84279 -2.85226 -2.86048 -2.85861 -2.85978 -2.86032 -2.86514 -2.86478 -2.86755 -2.87109 -2.86533 -2.86395 -2.86962 -2.87013 -2.87047 -2.86723 -2.87404 -2.87155 -2.87394 -2.86643 -2.8696 -2.86947 -2.86927 -2.866 -2.86989 -2.86709 -2.86951 -2.86952 -2.86725 -2.86516 -2.86905 -2.86814 -2.86761 -2.86815 -2.86529 -2.86455 -2.86739 -2.86129 -2.86049 -2.86554 -2.86816 -2.86179 -2.86162 -2.86154 -2.86282 -2.86018 -2.86222 
-2.80137 -2.81771 -2.83109 -2.84156 -2.84759 -2.84894 -2.8583 -2.86201 -2.86149 -2.86448 -2.86289 -2.86696 -2.86757 -2.86371 -2.8674 -2.87154 -2.86989 -2.86637 -2.86783 -2.86834 -2.86857 -2.87246 -2.86512 -2.87025 -2.87368 -2.87165 -2.8717 -2.87129 -2.86762 -2.86564 -2.87206 -2.86994 -2.86783 -2.86856 -2.86803 -2.86644 -2.85963 -2.86483 -2.86878 -2.8672 -2.86254 -2.86132 -2.86099 -2.86431 -2.86257 -2.86504 -2.86215 -2.86116 -2.8621 -2.85736 -2.86182 
-2.80141 -2.81341 -2.83144 -2.83969 -2.84618 -2.85285 -2.85213 -2.85758 -2.85901 -2.86212 -2.86662 -2.8639 -2.86678 -2.8697 -2.87018 -2.865 -2.86682 -2.86927 -2.87039 -2.86964 -2.87047 -2.87262 -2.86619 -2.87017 -2.86653 -2.86703 -2.87046 -2.87147 -2.86548 -2.86827 -2.86652 -2.86352 -2.86328 -2.86818 -2.86574 -2.86654 -2.86069 -2.87163 -2.86974 -2.86531 -2.86169 -2.8643 -2.86125 -2.86684 -2.86172 -2.86081 -2.8636 -2.86449 -2.8639 -2.86004 -2.86085 
-2.79774 -2.81798 -2.83044 -2.83951 -2.84533 -2.85575 -2.856 -2.86263 -2.86408 -2.86068 -2.8672 -2.8681 -2.86493 -2.86933 -2.87039 -2.87347 -2.87363 -2.87224 -2.86927 -2.86723 -2.86601 -2.86452 -2.86377 -2.8717 -2.86679 -2.86833 -2.86815 -2.86572 -2.86826 -2.8668 -2.86668 -2.86517 -2.86811 -2.86513 -2.86751 -2.86215 -2.865 -2.86038 -2.86348 -2.86474 -2.8655 -2.86328 -2.86358 -2.86657 -2.86951 -2.85907 -2.86738 -2.86232 -2.86118 -2.86677 -2.86131 
-2.79978 -2.81712 -2.8358 -2.83756 -2.84803 -2.84879 -2.85751 -2.85948 -2.86623 -2.86006 -2.86473 -2.867 -2.86783 -2.86772 -2.87428 -2.86636 -2.86645 -2.87414 -2.87032 -2.86744 -2.87036 -2.87147 -2.8749 -2.87108 -2.86713 -2.86859 -2.86535 -2.86858 -2.86847 -2.86475 -2.86649 -2.86653 -2.86816 -2.86423 -2.86521 -2.86616 -2.86707 -2.8667 -2.8605 -2.86178 -2.86524 -2.86054 -2.85967 -2.8639 -2.86263 -2.86703 -2.86215 -2.8628 -2.8648 -2.86099 -2.86123 
-2.79647 -2.81685 -2.8346 -2.84214 -2.84575 -2.85111 -2.85664 -2.85844 -2.85925 -2.8666 -2.86598 -2.86807 -2.86634 -2.86894 -2.86851 -2.86931 -2.87106 -2.86903 -2.87437 -2.87044 -2.86975 -2.86593 -2.86642 -2.86958 -2.86943 -2.86684 -2.86723 -2.86729 -2.86846 -2.86727 -2.86758 -2.86853 -2.865 -2.86647 -2.86564 -2.86585 -2.86855 -2.8669 -2.8672 -2.86385 -2.86011 -2.85957 -2.86008 -2.86348 -2.86236 -2.85878 -2.86342 -2.86277 -2.8625 -2.86226 -2.86245 
-2.79898 -2.81805 -2.82832 -2.83644 -2.84571 -2.85163 -2.85491 -2.86166 -2.86255 -2.86094 -2.86394 -2.86832 -2.86916 -2.8653 -2.87138 -2.86785 -2.86876 -2.8708 -2.86821 -2.87026 -2.87399 -2.86776 -2.86936 -2.86922 -2.87017 -2.87112 -2.86459 -2.86679 -2.86619 -2.86465 -2.86974 -2.86612 -2.8691 -2.86304 -2.86469 -2.86841 -2.86499 -2.86217 -2.86459 -2.86335 -2.86597 -2.86404 -2.86579 -2.86253 -2.8641 -2.86678 -2.86071 -2.85933 -2.86511 -2.86531 -2.85868 
-2.79743 -2.81626 -2.82597 -2.83821 -2.84469 -2.85304 -2.85616 -2.86297 -2.86002 -2.86775 -2.86626 -2.86454 -2.86589 -2.86774 -2.86531 -2.87094 -2.87162 -2.87075 -2.86818 -2.87043 -2.86922 -2.86983 -2.86563 -2.86868 -2.87258 -2.86887 -2.86743 -2.87289 -2.86494 -2.86616 -2.86958 -2.86665 -2.86591 -2.86361 -2.86484 -2.86175 -2.86101 -2.86658 -2.86445 -2.86177 -2.86449 -2.86695 -2.86733 -2.86538 -2.86298 -2.85823 -2.86302 -2.85668 -2.86333 -2.86027 -2.857 
-2.79776 -2.81427 -2.83158 -2.84143 -2.84406 -2.84971 -2.85698 -2.85811 -2.85947 -2.86098 -2.86933 -2.86374 -2.86903 -2.86876 -2.87126 -2.87038 -2.86899 -2.87069 -2.867 -2.87291 -2.86892 -2.87124 -2.8697 -2.86866 -2.86709 -2.86624 -2.86605 -2.867 -2.86628 -2.8712 -2.86728 -2.8707 -2.86204 -2.86566 -2.86669 -2.86443 -2.86561 -2.86808 -2.86296 -2.86331 -2.86451 -2.86716 -2.86612 -2.8643 -2.86571 -2.86836 -2.86663 -2.86363 -2.85941 -2.86284 -2.8633 
-2.79442 -2.81682 -2.82985 -2.83767 -2.844 -2.85134 -2.85697 -2.85702 -2.85968 -2.86155 -2.867 -2.8686 -2.86554 -2.86617 -2.86589 -2.87063 -2.86914 -2.86765 -2.8707 -2.86758 -2.87193 -2.86485 -2.87186 -2.86798 -2.86832 -2.86934 -2.87057 -2.86559 -2.8722 -2.87466 -2.87055 -2.86892 -2.86842 -2.86679 -2.86582 -2.86338 -2.86945 -2.86445 -2.86319 -2.86178 -2.86445 -2.86685 -2.86279 -2.85993 -2.86222 -2.86294 -2.8638 -2.86334 -2.86345 -2.86097 -2.86136 
-2.79889 -2.81668 -2.83366 -2.83863 -2.846 -2.84709 -2.86071 -2.85572 -2.86093 -2.86207 -2.86733 -2.86757 -2.86832 -2.86976 -2.86418 -2.87136 -2.87218 -2.87203 -2.87065 -2.86979 -2.86888 -2.87134 -2.86908 -2.86479 -2.86965 -2.86773 -2.87159 -2.86917 -2.8672 -2.8668 -2.86656 -2.86844 -2.86667 -2.86532 -2.87258 -2.86773 -2.86471 -2.86419 -2.86191 -2.86352 -2.8656 -2.8684 -2.86385 -2.86629 -2.86129 -2.86414 -2.86163 -2.86204 -2.86283 -2.86228 -2.86179 
-2.80298 -2.81463 -2.83336 -2.83779 -2.84932 -2.8512 -2.85305 -2.86235 -2.8614 -2.86338 -2.8632 -2.86509 -2.86862 -2.86965 -2.86658 -2.87251 -2.86832 -2.86907 -2.86719 -2.86989 -2.87106 -2.86861 -2.86922 -2.86784 -2.86615 -2.87001 -2.8663 -2.87025 -2.86664 -2.86473 -2.86082 -2.86933 -2.86588 -2.86641 -2.86502 -2.86317 -2.86298 -2.86479 -2.8675 -2.86745 -2.86391 -2.85872 -2.86189 -2.86308 -2.86682 -2.86054 -2.86204 -2.86654 -2.86343 -2.86532 -2.86399 
-2.79935 -2.81587 -2.8318 -2.84019 -2.84608 -2.85222 -2.85299 -2.85731 -2.86627 -2.86128 -2.86718 -2.86917 -2.86747 -2.86881 -2.86745 -2.86681 -2.86709 -2.86874 -2.87208 -2.87012 -2.87151 -2.87189 -2.87184 -2.86505 -2.86955 -2.86518 -2.87153 -2.86806 -2.86813 -2.87404 -2.8697 -2.86588 -2.86968 -2.86803 -2.86816 -2.86548 -2.86638 -2.86763 -2.86565 -2.86685 -2.86438 -2.86151 -2.8656 -2.86232 -2.86102 -2.86402 -2.8632 -2.86142 -2.86712 -2.86005 -2.86239 
-2.8029 -2.81545 -2.82523 -2.837 -2.8491 -2.85409 -2.85677 -2.86298 -2.86248 -2.86483 -2.86596 -2.86551 -2.86523 -2.86357 -2.86932 -2.86946 -2.86805 -2.8703 -2.87024 -2.8727 -2.86639 -2.8715 -2.87006 -2.86686 -2.86895 -2.86799 -2.86703 -2.86904 -2.86858 -2.86484 -2.86588 -2.86521 -2.86871 -2.86766 -2.86883 -2.86625 -2.86284 -2.8673 -2.86603 -2.86278 -2.865 -2.85986 -2.86309 -2.8656 -2.86285 -2.86326 -2.86265 -2.86217 -2.86266 -2.86172 -2.86651 
-2.80174 -2.81799 -2.83145 -2.83902 -2.84578 -2.84988 -2.85915 -2.8596 -2.86056 -2.86489 -2.86526 -2.86846 -2.86997 -2.86734 -2.86707 -2.86711 -2.87066 -2.86848 -2.87105 -2.86917 -2.8692 -2.86872 -2.87063 -2.8722 -2.86477 -2.86251 -2.86705 -2.87089 -2.86875 -2.86734 -2.86405 -2.86449 -2.87049 -2.86576 -2.87253 -2.86784 -2.86381 -2.86595 -2.86321 -2.86561 -2.86014 -2.8648 -2.86405 -2.86303 -2.86643 -2.8623 -2.86287 -2.86131 -2.85804 -2.86031 -2.86098 
-2.802 -2.8145 -2.83015 -2.83654 -2.84489 -2.85219 -2.85902 -2.85918 -2.86146 -2.86132 -2.86544 -2.86706 -2.86703 -2.87009 -2.86785 -2.8686 -2.86904 -2.87467 -2.86949 -2.86957 -2.87101 -2.87066 -2.86997 -2.87035 -2.86625 -2.86825 -2.86836 -2.8698 -2.86592 -2.86649 -2.86688 -2.86729 -2.86752 -2.86347 -2.86544 -2.86333 -2.86655 -2.86234 -2.86561 -2.86529 -2.8651 -2.86416 -2.86452 -2.86325 -2.87056 -2.86093 -2.86164 -2.86252 -2.86262 -2.8567 -2.86275 
-2.79686 -2.81521 -2.82918 -2.84416 -2.84568 -2.85371 -2.86107 -2.86006 -2.86096 -2.8652 -2.86552 -2.87153 -2.86198 -2.869 -2.86895 -2.86881 -2.87211 -2.86902 -2.87058 -2.86816 -2.86982 -2.87013 -2.86758 -2.87057 -2.86626 -2.87165 -2.87105 -2.86784 -2.87053 -2.86944 -2.86436 -2.86741 -2.87007 -2.86478 -2.86801 -2.86807 -2.86858 -2.86424 -2.86792 -2.86529 -2.86407 -2.86329 -2.86196 -2.86582 -2.86297 -2.86343 -2.86162 -2.86552 -2.86033 -2.85848 -2.86266 
-2.79964 -2.81786 -2.8306 -2.83816 -2.84941 -2.85288 -2.8565 -2.85966 -2.86206 -2.86197 -2.8674 -2.86331 -2.86788 -2.87181 -2.86958 -2.8684 -2.86986 -2.87197 -2.86852 -2.87006 -2.86807 -2.86777 -2.87073 -2.86774 -2.87598 -2.86976 -2.86653 -2.86891 -2.86966 -2.86774 -2.86595 -2.8666 -2.87341 -2.86544 -2.86338 -2.86848 -2.86615 -2.86288 -2.86463 -2.86376 -2.86601 -2.86263 -2.86119 -2.86081 -2.86199 -2.86415 -2.8626 -2.85933 -2.86052 -2.86328 -2.85802 
-2.7939 -2.82191 -2.82683 -2.84121 -2.84603 -2.85042 -2.85712 -2.86006 -2.86065 -2.86546 -2.86817 -2.86557 -2.86136 -2.86711 -2.86958 -2.86666 -2.86607 -2.86955 -2.86701 -2.86937 -2.86613 -2.87007 -2.86731 -2.86727 -2.87012 -2.86912 -2.87097 -2.86896 -2.86587 -2.86659 -2.86614 -2.86759 -2.86651 -2.86847 -2.86482 -2.86788 -2.86659 -2.86774 -2.86444 -2.86537 -2.86316 -2.8671 -2.86643 -2.86115 -2.86603 -2.86447 -2.86389 -2.86525 -2.86111 -2.86436 -2.8608 
-2.80171 -2.8174 -2.82979 -2.83947 -2.84777 -2.85096 -2.85331 -2.85658 -2.86124 -2.86206 -2.86532 -2.86664 -2.86831 -2.87039 -2.86522 -2.86581 -2.87556 -2.8685 -2.87172 -2.87112 -2.87108 -2.86876 -2.86939 -2.86978 -2.86939 -2.86838 -2.86687 -2.86576 -2.86807 -2.86701 -2.86817 -2.86669 -2.86868 -2.86771 -2.86832 -2.86586 -2.86773 -2.87073 -2.86768 -2.86435 -2.86694 -2.86406 -2.86039 -2.86654 -2.86424 -2.86156 -2.86165 -2.85954 -2.859 -2.86214 -2.86198 
-2.79833 -2.8146 -2.83201 -2.83897 -2.84692 -2.85182 -2.85621 -2.85844 -2.86222 -2.86196 -2.86788 -2.86617 -2.87263 -2.86821 -2.86991 -2.8704 -2.87032 -2.86983 -2.8704 -2.867 -2.86652 -2.86888 -2.86818 -2.86998 -2.86839 -2.86694 -2.86808 -2.86864 -2.86343 -2.87225 -2.8623 -2.86143 -2.87004 -2.86542 -2.86867 -2.8646 -2.86863 -2.86559 -2.86535 -2.86741 -2.86429 -2.86689 -2.86284 -2.86517 -2.86369 -2.86825 -2.86258 -2.86452 -2.86198 -2.86282 -2.86353 
-2.79813 -2.82014 -2.82901 -2.83949 -2.84565 -2.85051 -2.85706 -2.8625 -2.85789 -2.86135 -2.86407 -2.86538 -2.86476 -2.87005 -2.86913 -2.86782 -2.87155 -2.86728 -2.86938 -2.8664 -2.86714 -2.86877 -2.86876 -2.87225 -2.87085 -2.86816 -2.86861 -2.87096 -2.86859 -2.86949 -2.867 -2.86491 -2.8685 -2.86767 -2.86865 -2.86989 -2.86621 -2.86501 -2.86732 -2.86394 -2.86502 -2.86126 -2.86479 -2.86675 -2.86389 -2.86535 -2.86253 -2.86131 -2.86673 -2.85995 -2.86189 
-2.8011 -2.82141 -2.82263 -2.83888 -2.84864 -2.85049 -2.85517 -2.85673 -2.85948 -2.86718 -2.86636 -2.86444 -2.86571 -2.86496 -2.86786 -2.86542 -2.86824 -2.86838 -2.86957 -2.87378 -2.86708 -2.87094 -2.86912 -2.86761 -2.86814 -2.86969 -2.86844 -2.86506 -2.87128 -2.86506 -2.86544 -2.87422 -2.87001 -2.8699 -2.8622 -2.86691 -2.86396 -2.86529 -2.86567 -2.86337 -2.86221 -2.86808 -2.86424 -2.86393 -2.86721 -2.8657 -2.86453 -2.86555 -2.8634 -2.85913 -2.8649 
-2.80081 -2.81856 -2.82575 -2.84188 -2.84686 -2.85208 -2.85349 -2.85683 -2.86119 -2.86402 -2.86204 -2.8674 -2.86575 -2.87106 -2.86637 -2.87153 -2.87154 -2.87068 -2.86964 -2.86917 -2.86979 -2.86761 -2.86796 -2.8675 -2.86778 -2.87 -2.8678 -2.86719 -2.86595 -2.86886 -2.87015 -2.86756 -2.86328 -2.86223 -2.86221 -2.86354 -2.86069 -2.86332 -2.86579 -2.85949 -2.86576 -2.86352 -2.86781 -2.8678 -2.86407 -2.86145 -2.86741 -2.86098 -2.86379 -2.86288 -2.86316 
-2.79732 -2.81552 -2.82702 -2.8379 -2.84797 -2.85312 -2.85842 -2.85883 -2.86235 -2.8652 -2.86526 -2.86907 -2.87074 -2.8689 -2.87054 -2.87148 -2.8673 -2.8686 -2.87037 -2.86726 -2.87384 -2.8705 -2.86835 -2.86793 -2.86825 -2.8687 -2.86788 -2.86616 -2.86902 -2.87694 -2.86373 -2.87035 -2.86861 -2.86682 -2.86726 -2.86584 -2.86362 -2.86241 -2.86666 -2.86395 -2.86284 -2.86294 -2.8617 -2.8614 -2.86478 -2.86264 -2.86561 -2.86242 -2.86148 -2.86004 -2.86087 
-2.7999 -2.81664 -2.82871 -2.84082 -2.8459 -2.85545 -2.85701 -2.85789 -2.86404 -2.86135 -2.86747 -2.86128 -2.86895 -2.8681 -2.87188 -2.87014 -2.86841 -2.87044 -2.8684 -2.86919 -2.8715 -2.86861 -2.86914 -2.87003 -2.86953 -2.8689 -2.86854 -2.86834 -2.86943 -2.86711 -2.86505 -2.86612 -2.86669 -2.86922 -2.86536 -2.86385 -2.8696 -2.86487 -2.86354 -2.86661 -2.86704 -2.8598 -2.86714 -2.86376 -2.86354 -2.86416 -2.86248 -2.86146 -2.86017 -2.85912 -2.85724 
-2.80104 -2.81569 -2.83486 -2.83565 -2.84798 -2.85117 -2.8569 -2.85654 -2.86353 -2.86527 -2.86438 -2.86539 -2.8671 -2.8678 -2.86233 -2.87118 -2.87018 -2.86718 -2.87238 -2.86698 -2.86842 -2.86861 -2.8665 -2.86623 -2.86732 -2.86972 -2.8691 -2.86467 -2.86917 -2.86842 -2.86382 -2.86576 -2.86609 -2.86534 -2.86521 -2.866 -2.87046 -2.86362 -2.86042 -2.86231 -2.86639 -2.86534 -2.86182 -2.86112 -2.86524 -2.86414 -2.86311 -2.85973 -2.86414 -2.86173 -2.86156 
-2.80024 -2.82594 -2.82918 -2.84125 -2.84675 -2.85046 -2.85429 -2.85953 -2.8629 -2.86226 -2.86502 -2.8663 -2.86674 -2.86655 -2.87081 -2.86832 -2.86975 -2.87067 -2.86862 -2.87047 -2.86776 -2.86736 -2.87008 -2.86999 -2.8732 -2.8719 -2.86763 -2.86906 -2.86948 -2.86789 -2.87019 -2.86699 -2.86761 -2.86776 -2.8635 -2.86598 -2.8659 -2.86661 -2.86752 -2.86295 -2.86396 -2.8659 -2.86348 -2.86366 -2.86048 -2.86041 -2.86215 -2.86137 -2.85772 -2.86326 -2.85834 
-2.79651 -2.81422 -2.82804 -2.84021 -2.84547 -2.84925 -2.8572 -2.86194 -2.85804 -2.86329 -2.86766 -2.86425 -2.8689 -2.86401 -2.87267 -2.86988 -2.8658 -2.87034 -2.87322 -2.86977 -2.86896 -2.86803 -2.8721 -2.87225 -2.86715 -2.86739 -2.86835 -2.86736 -2.87077 -2.87008 -2.86617 -2.8668 -2.86559 -2.86626 -2.85847 -2.86627 -2.86565 -2.86691 -2.86207 -2.864 -2.86887 -2.86709 -2.86414 -2.86684 -2.86587 -2.86462 -2.86164 -2.86204 -2.86012 -2.8637 -2.86083 
-2.80105 -2.81663 -2.82753 -2.83617 -2.84633 -2.84834 -2.8581 -2.85551 -2.86142 -2.86026 -2.86637 -2.86866 -2.86933 -2.8684 -2.86575 -2.86612 -2.86673 -2.86784 -2.86797 -2.86765 -2.87068 -2.86923 -2.86485 -2.8684 -2.86898 -2.86959 -2.86679 -2.86938 -2.865 -2.86889 -2.8637 -2.86813 -2.86891 -2.86282 -2.86864 -2.86575 -2.86516 -2.86841 -2.86826 -2.86499 -2.8664 -2.86161 -2.86714 -2.86896 -2.85835 -2.86185 -2.86305 -2.86199 -2.86252 -2.85841 -2.86045 
-2.79666 -2.81796 -2.83281 -2.83748 -2.84558 -2.85189 -2.85627 -2.859 -2.86186 -2.86203 -2.86637 -2.86741 -2.86927 -2.86701 -2.86947 -2.87444 -2.86603 -2.87137 -2.8672 -2.86842 -2.87029 -2.86795 -2.86707 -2.86791 -2.86967 -2.87008 -2.86843 -2.86857 -2.86732 -2.86707 -2.8663 -2.86418 -2.86932 -2.86768 -2.86692 -2.86529 -2.86691 -2.86332 -2.86738 -2.86835 -2.86496 -2.86163 -2.86399 -2.87075 -2.86214 -2.86591 -2.86159 -2.86321 -2.86219 -2.85781 -2.8641 
-2.79941 -2.8138 -2.82694 -2.84171 -2.8459 -2.84874 -2.85531 -2.86213 -2.85882 -2.86804 -2.8635 -2.8644 -2.86298 -2.86636 -2.8689 -2.87067 -2.86728 -2.86896 -2.86772 -2.86662 -2.87055 -2.87155 -2.8671 -2.86939 -2.86865 -2.86617 -2.86613 -2.86805 -2.86148 -2.86682 -2.8688 -2.86453 -2.8688 -2.86557 -2.86521 -2.86069 -2.86681 -2.86717 -2.86264 -2.86205 -2.86627 -2.86172 -2.86385 -2.86653 -2.86591 -2.86433 -2.86314 -2.86472 -2.86446 -2.86166 -2.86089 
-2.7994 -2.81907 -2.8277 -2.8348 -2.84638 -2.85309 -2.85381 -2.8595 -2.86387 -2.86217 -2.87103 -2.86566 -2.86413 -2.86475 -2.86812 -2.87273 -2.86889 -2.87105 -2.87293 -2.8666 -2.8696 -2.86887 -2.86585 -2.87099 -2.8685 -2.86925 -2.86893 -2.86922 -2.86126 -2.86687 -2.87013 -2.86972 -2.86985 -2.87119 -2.86183 -2.86312 -2.86994 -2.86509 -2.86873 -2.86152 -2.87 -2.86801 -2.86272 -2.86205 -2.8656 -2.86148 -2.86045 -2.86138 -2.86323 -2.85928 -2.86287 
-2.80204 -2.81612 -2.82966 -2.83892 -2.84834 -2.85566 -2.85749 -2.85862 -2.86377 -2.86141 -2.86442 -2.86892 -2.86727 -2.86737 -2.86833 -2.86778 -2.8689 -2.86557 -2.8685 -2.8671 -2.8687 -2.8685 -2.86774 -2.86671 -2.87443 -2.86725 -2.86587 -2.86824 -2.86618 -2.86989 -2.86745 -2.86339 -2.8687 -2.87001 -2.86699 -2.86804 -2.86798 -2.86583 -2.86697 -2.86382 -2.86422 -2.86214 -2.86204 -2.8621 -2.86137 -2.85949 -2.86273 -2.86861 -2.86354 -2.86509 -2.86087 
-2.80058 -2.81652 -2.82999 -2.84364 -2.84554 -2.84889 -2.85542 -2.85912 -2.86264 -2.85792 -2.86401 -2.86494 -2.86276 -2.8662 -2.8697 -2.87006 -2.87205 -2.86602 -2.86821 -2.86586 -2.87062 -2.86951 -2.86945 -2.86664 -2.87169 -2.87104 -2.86729 -2.8654 -2.87119 -2.86812 -2.86438 -2.86742 -2.87031 -2.86942 -2.86974 -2.86402 -2.87079 -2.86676 -2.86675 -2.86384 -2.86184 -2.86692 -2.86339 -2.86204 -2.86706 -2.86192 -2.86184 -2.86259 -2.86501 -2.86017 -2.86063 
-2.79877 -2.81596 -2.83158 -2.83769 -2.84778 -2.85258 -2.8558 -2.85573 -2.86044 -2.8644 -2.86241 -2.86412 -2.86759 -2.8692 -2.86785 -2.86826 -2.86701 -2.86777 -2.86842 -2.87105 -2.8672 -2.8698 -2.86706 -2.86837 -2.87198 -2.87055 -2.86636 -2.86664 -2.86668 -2.87326 -2.86771 -2.86366 -2.86299 -2.86693 -2.86614 -2.86421 -2.86201 -2.87002 -2.86393 -2.85948 -2.86468 -2.86218 -2.86763 -2.86664 -2.86178 -2.86445 -2.8629 -2.86267 -2.86148 -2.8594 -2.86409 
-2.79881 -2.81705 -2.8328 -2.83986 -2.84812 -2.85101 -2.85363 -2.85975 -2.8595 -2.86622 -2.86642 -2.86603 -2.86582 -2.87059 -2.87375 -2.86787 -2.87065 -2.86996 -2.86708 -2.87 -2.86816 -2.86897 -2.86903 -2.86963 -2.87199 -2.8711 -2.8676 -2.86967 -2.86804 -2.86819 -2.86942 -2.87076 -2.86618 -2.86521 -2.86628 -2.86316 -2.86382 -2.86466 -2.86622 -2.8623 -2.86619 -2.86294 -2.8639 -2.86219 -2.86084 -2.86132 -2.86007 -2.86204 -2.86071 -2.86294 -2.86266 
-2.80062 -2.81335 -2.83233 -2.83831 -2.84715 -2.85172 -2.85769 -2.86044 -2.86363 -2.86389 -2.86272 -2.86276 -2.86948 -2.87207 -2.86758 -2.86753 -2.86918 -2.86661 -2.86666 -2.87104 -2.87007 -2.87298 -2.86628 -2.87205 -2.86629 -2.86717 -2.86894 -2.86558 -2.86964 -2.86866 -2.8689 -2.86977 -2.86516 -2.86567 -2.86469 -2.86612 -2.86693 -2.86395 -2.86487 -2.86636 -2.86437 -2.8629 -2.86301 -2.86215 -2.86711 -2.86522 -2.86447 -2.86456 -2.86096 -2.86391 -2.86315 
-2.80398 -2.81843 -2.83032 -2.83699 -2.84245 -2.85479 -2.85522 -2.86283 -2.86351 -2.86515 -2.86772 -2.86882 -2.86655 -2.86937 -2.86918 -2.86435 -2.87001 -2.86856 -2.87034 -2.86553 -2.87412 -2.87078 -2.86813 -2.86953 -2.86924 -2.8716 -2.86896 -2.86848 -2.86698 -2.86431 -2.86901 -2.86909 -2.8665 -2.86758 -2.86724 -2.86961 -2.8618 -2.86541 -2.86152 -2.86594 -2.86214 -2.86362 -2.86648 -2.86162 -2.86158 -2.86485 -2.86641 -2.86569 -2.86174 -2.86042 -2.86224 
-2.79735 -2.81085 -2.83042 -2.84334 -2.84633 -2.85287 -2.85825 -2.85655 -2.86157 -2.86566 -2.86597 -2.86827 -2.86675 -2.87065 -2.86851 -2.86906 -2.86991 -2.87084 -2.87049 -2.87019 -2.87018 -2.86669 -2.86876 -2.87128 -2.86959 -2.87016 -2.86728 -2.86733 -2.86433 -2.87076 -2.86772 -2.86724 -2.86374 -2.86443 -2.86899 -2.86361 -2.86422 -2.86475 -2.86397 -2.86338 -2.86503 -2.86354 -2.86574 -2.86204 -2.86126 -2.86255 -2.86362 -2.86642 -2.86594 -2.86372 -2.86423 
-2.79949 -2.8182 -2.83098 -2.83938 -2.84607 -2.85062 -2.85501 -2.8605 -2.86268 -2.86449 -2.86672 -2.8629 -2.86246 -2.86963 -2.86989 -2.86875 -2.87277 -2.86729 -2.86922 -2.87114 -2.87256 -2.8665 -2.86616 -2.86709 -2.86943 -2.86762 -2.87089 -2.86673 -2.86983 -2.87045 -2.86456 -2.86684 -2.87055 -2.86359 -2.86197 -2.86709 -2.86842 -2.86599 -2.8616 -2.86754 -2.86621 -2.86843 -2.8617 -2.86466 -2.86266 -2.86031 -2.86466 -2.85854 -2.86297 -2.86537 -2.8592 
-2.79788 -2.81323 -2.82779 -2.84021 -2.84637 -2.84872 -2.85345 -2.86186 -2.86305 -2.86257 -2.86592 -2.86541 -2.86792 -2.86765 -2.87477 -2.87047 -2.86608 -2.86894 -2.87199 -2.86646 -2.86687 -2.86719 -2.87007 -2.86632 -2.87054 -2.87091 -2.86808 -2.86611 -2.8656 -2.86696 -2.86885 -2.86245 -2.86582 -2.86834 -2.86237 -2.86734 -2.86361 -2.86584 -2.86411 -2.86138 -2.86319 -2.86906 -2.86483 -2.86744 -2.86092 -2.86318 -2.8662 -2.86526 -2.86379 -2.86193 -2.85975 
-2.7999 -2.81796 -2.83161 -2.83699 -2.84842 -2.85412 -2.85601 -2.85993 -2.86259 -2.86414 -2.86633 -2.86542 -2.86826 -2.86753 -2.86472 -2.86909 -2.86964 -2.86962 -2.87141 -2.86785 -2.86712 -2.86945 -2.86916 -2.87042 -2.86634 -2.86861 -2.86446 -2.86828 -2.86838 -2.86874 -2.8657 -2.86844 -2.86663 -2.86777 -2.86435 -2.86923 -2.86549 -2.87195 -2.87028 -2.86519 -2.86435 -2.8669 -2.86714 -2.86104 -2.86421 -2.86711 -2.86174 -2.86207 -2.86466 -2.86146 -2.85778 
-2.79666 -2.81699 -2.82879 -2.84166 -2.84876 -2.85163 -2.85629 -2.85679 -2.85868 -2.86405 -2.86456 -2.86936 -2.86745 -2.86527 -2.86632 -2.86762 -2.86801 -2.86851 -2.86431 -2.86816 -2.87026 -2.87 -2.87204 -2.87002 -2.86969 -2.86804 -2.87036 -2.86768 -2.86926 -2.86782 -2.86596 -2.86772 -2.87186 -2.86677 -2.8721 -2.86351 -2.86966 -2.86433 -2.86319 -2.86349 -2.86361 -2.8688 -2.86222 -2.86474 -2.86445 -2.8602 -2.86365 -2.86635 -2.85868 -2.86599 -2.86319 
-2.79709 -2.821 -2.82549 -2.83841 -2.84438 -2.85258 -2.85539 -2.85929 -2.8604 -2.86459 -2.86761 -2.86854 -2.86554 -2.86914 -2.8713 -2.8707 -2.87029 -2.86924 -2.87337 -2.86666 -2.86599 -2.8718 -2.86965 -2.86765 -2.86601 -2.86999 -2.86628 -2.8629 -2.86774 -2.86887 -2.86491 -2.86698 -2.86443 -2.86461 -2.86953 -2.86278 -2.86569 -2.8662 -2.86367 -2.86188 -2.86242 -2.86341 -2.86124 -2.86636 -2.86644 -2.8593 -2.85873 -2.86275 -2.86199 -2.85923 -2.86394 
-2.79974 -2.81503 -2.82793 -2.83778 -2.84645 -2.84871 -2.85604 -2.86147 -2.86089 -2.86554 -2.86685 -2.87063 -2.86376 -2.8666 -2.86679 -2.87064 -2.8694 -2.86976 -2.87387 -2.86869 -2.8687 -2.87131 -2.86777 -2.86761 -2.86613 -2.8652 -2.86796 -2.86861 -2.86886 -2.86844 -2.8636 -2.86457 -2.86883 -2.86501 -2.8621 -2.87088 -2.86586 -2.86182 -2.86546 -2.86101 -2.86556 -2.86585 -2.86687 -2.86296 -2.86604 -2.85905 -2.86165 -2.86025 -2.86201 -2.86602 -2.85987 
