3.69542 3.69115 3.69934 3.69241 3.70158 3.68981 3.69582 3.68786 3.69422 3.69094 3.69546 3.69123 3.69183 3.69167 3.69295 3.69328 3.69488 3.6856 3.6964 3.68913 3.69432 3.6863 3.69649 3.68694 3.68784 3.68815 3.69752 3.68633 3.69481 3.68747 3.69689 3.68723 3.69632 3.68645 3.68986 3.68351 3.69342 3.68786 3.6947 3.68922 3.69235 3.68723 3.69516 3.68481 3.69439 3.68239 3.69075 3.68127 3.69485 3.68934 3.69172 
3.68803 3.69473 3.68505 3.69108 3.68982 3.69512 3.68845 3.69379 3.69048 3.69644 3.69483 3.6989 3.68568 3.69685 3.69064 3.69254 3.68872 3.69297 3.68971 3.69073 3.68728 3.69517 3.68503 3.68946 3.69104 3.69332 3.68804 3.69289 3.68836 3.69242 3.69209 3.69188 3.681 3.69161 3.68898 3.69244 3.68761 3.69063 3.68925 3.69654 3.68691 3.69658 3.68914 3.69193 3.68667 3.68771 3.68665 3.69456 3.67951 3.69157 3.69038 
3.69736 3.68878 3.69454 3.69231 3.69654 3.68714 3.69604 3.69073 3.69429 3.69057 3.69569 3.68395 3.69811 3.69068 3.69554 3.69101 3.69491 3.68757 3.69534 3.69211 3.69354 3.68641 3.69141 3.68726 3.69268 3.687 3.69261 3.6884 3.69242 3.68487 3.69725 3.69218 3.69847 3.693 3.69617 3.69101 3.69806 3.68636 3.68914 3.68134 3.69612 3.68809 3.69652 3.68379 3.69197 3.68976 3.69317 3.68943 3.69619 3.69258 3.69389 
3.68763 3.6987 3.68795 3.70042 3.69301 3.6953 3.68771 3.69916 3.68681 3.69454 3.68379 3.694 3.69155 3.69314 3.68726 3.69634 3.68642 3.69317 3.69212 3.69258 3.69312 3.69691 3.68393 3.69755 3.68884 3.6951 3.68845 3.69607 3.68758 3.69635 3.69182 3.69309 3.69581 3.696 3.68926 3.69217 3.68954 3.69329 3.68906 3.69684 3.68837 3.6947 3.68542 3.69431 3.68406 3.69964 3.69063 3.69508 3.68837 3.69616 3.69293 
3.69428 3.6965 3.6882 3.69132 3.69658 3.69068 3.69942 3.69426 3.69487 3.69116 3.69161 3.6876 3.69577 3.68935 3.69301 3.6889 3.69244 3.69168 3.68836 3.68889 3.69069 3.68986 3.69267 3.69013 3.6928 3.6872 3.69084 3.69107 3.68784 3.68868 3.69035 3.68686 3.68838 3.68508 3.69218 3.68703 3.69193 3.69244 3.69118 3.68827 3.69159 3.69049 3.68751 3.68929 3.69066 3.69195 3.69061 3.6918 3.6923 3.68589 3.69063 
3.68928 3.69076 3.69331 3.69702 3.69668 3.69487 3.69457 3.69293 3.68764 3.69596 3.68686 3.69261 3.68923 3.69091 3.68886 3.69184 3.69272 3.6919 3.68798 3.69333 3.69142 3.7037 3.68774 3.69474 3.68961 3.69036 3.68544 3.6882 3.68846 3.69028 3.68972 3.68881 3.68817 3.69517 3.68587 3.69237 3.69205 3.69261 3.68585 3.69182 3.68878 3.68684 3.68944 3.69427 3.69259 3.68975 3.68916 3.69329 3.69585 3.6984 3.68815 
3.69409 3.6954 3.68923 3.6914 3.69607 3.69123 3.6932 3.69259 3.69074 3.68994 3.69287 3.69122 3.68996 3.69381 3.69191 3.69432 3.69227 3.68691 3.69929 3.69002 3.69325 3.68842 3.69162 3.68957 3.68885 3.68296 3.69919 3.69 3.69528 3.68871 3.69583 3.68686 3.69049 3.6905 3.69145 3.68596 3.68901 3.68762 3.68885 3.68769 3.68983 3.69094 3.69172 3.68811 3.69171 3.69319 3.69355 3.68849 3.68994 3.69464 3.69153 
3.69173 3.69494 3.69263 3.69865 3.69103 3.69463 3.69542 3.69339 3.69027 3.68829 3.68591 3.69288 3.69057 3.6925 3.6906 3.6934 3.68762 3.69692 3.69129 3.69493 3.68469 3.68908 3.68652 3.69379 3.69081 3.69601 3.68967 3.69871 3.68993 3.69132 3.69119 3.68674 3.68727 3.6887 3.6926 3.68985 3.68937 3.69121 3.68839 3.69625 3.68655 3.6933 3.69624 3.69291 3.68636 3.6907 3.68445 3.69161 3.69555 3.69252 3.68838 
3.69321 3.68456 3.69489 3.69469 3.69089 3.68931 3.69334 3.69375 3.69301 3.69779 3.69314 3.69094 3.69061 3.69267 3.69106 3.68916 3.69323 3.69705 3.6917 3.68515 3.69014 3.68943 3.6956 3.68657 3.68853 3.6879 3.69482 3.69075 3.69896 3.68688 3.69066 3.68679 3.69042 3.68571 3.69026 3.68823 3.69534 3.6902 3.68992 3.69205 3.69657 3.68497 3.69418 3.69169 3.69393 3.69491 3.69236 3.68185 3.68843 3.6904 3.69412 
3.69364 3.69632 3.69304 3.69689 3.68783 3.69127 3.68902 3.69642 3.6882 3.69234 3.69053 3.69442 3.69098 3.69241 3.68774 3.69195 3.68976 3.69441 3.68935 3.69262 3.69503 3.69526 3.68996 3.6908 3.68715 3.69328 3.68549 3.69597 3.69059 3.69383 3.69154 3.69365 3.68333 3.69329 3.6928 3.69249 3.69384 3.69726 3.6877 3.69041 3.68658 3.68658 3.68693 3.70473 3.69235 3.69273 3.68874 3.69198 3.69086 3.69094 3.6887 
3.6959 3.69198 3.6969 3.69033 3.69583 3.69032 3.69303 3.68982 3.69598 3.68743 3.69496 3.68978 3.69065 3.68816 3.68863 3.68785 3.69525 3.6915 3.68975 3.69185 3.68809 3.69 3.68856 3.693 3.68706 3.68745 3.69482 3.68791 3.69066 3.69527 3.69154 3.69017 3.69332 3.68954 3.69288 3.6891 3.68872 3.68465 3.69291 3.69208 3.69286 3.68631 3.69272 3.68587 3.69473 3.6935 3.68892 3.68902 3.69362 3.68948 3.69062 
3.68734 3.69669 3.69244 3.69219 3.69047 3.69219 3.68874 3.693 3.68869 3.68838 3.69911 3.69326 3.68711 3.6932 3.69041 3.69357 3.69188 3.69487 3.69167 3.69102 3.69063 3.68869 3.68884 3.6946 3.69461 3.69436 3.6875 3.69505 3.69401 3.69 3.68926 3.69256 3.6907 3.69613 3.68706 3.69225 3.68963 3.69662 3.68949 3.69253 3.68958 3.69329 3.69376 3.68875 3.69124 3.69283 3.68632 3.69519 3.68993 3.69484 3.69615 
3.69502 3.69544 3.69854 3.69279 3.69623 3.68816 3.69382 3.68987 3.69699 3.68969 3.69753 3.6905 3.69434 3.6928 3.69502 3.68893 3.6922 3.68866 3.69189 3.69274 3.68779 3.68846 3.69255 3.68563 3.69977 3.69159 3.69252 3.69417 3.69768 3.68641 3.6866 3.6908 3.68522 3.68859 3.69238 3.68798 3.69513 3.6911 3.69366 3.69344 3.69443 3.68952 3.69186 3.68758 3.68985 3.691 3.69417 3.69008 3.69333 3.68601 3.69394 
3.68872 3.69447 3.69345 3.69318 3.68763 3.69027 3.68507 3.69184 3.6878 3.69526 3.69422 3.69381 3.68551 3.69282 3.69108 3.69173 3.69051 3.69224 3.68959 3.69397 3.68732 3.68838 3.68791 3.69018 3.69242 3.69077 3.68684 3.69353 3.69536 3.69143 3.68486 3.69019 3.68441 3.68921 3.68974 3.69486 3.68655 3.68949 3.68707 3.69075 3.68307 3.69524 3.69102 3.69245 3.68808 3.69166 3.68805 3.69138 3.68815 3.69106 3.68842 
3.69734 3.69174 3.692 3.68867 3.69037 3.69598 3.69393 3.68777 3.69442 3.69364 3.68945 3.68831 3.69022 3.69118 3.69352 3.69104 3.69429 3.68823 3.68612 3.69219 3.69273 3.68473 3.69013 3.69033 3.69445 3.68927 3.68828 3.69097 3.68701 3.68898 3.68994 3.68698 3.69506 3.68868 3.69271 3.6885 3.69262 3.69033 3.68977 3.68741 3.69299 3.6869 3.68846 3.69085 3.68765 3.68729 3.69103 3.69011 3.69338 3.69046 3.6885 
3.69256 3.69821 3.69468 3.69334 3.69082 3.69303 3.6959 3.69778 3.69024 3.69768 3.6958 3.69593 3.68737 3.6924 3.68846 3.69374 3.69349 3.69487 3.68942 3.69432 3.69076 3.69462 3.69334 3.69741 3.69153 3.6901 3.6906 3.68912 3.68972 3.69173 3.68931 3.69188 3.69398 3.69399 3.69009 3.68872 3.68828 3.69208 3.68707 3.68987 3.69008 3.6865 3.69124 3.68955 3.69198 3.6892 3.68738 3.69425 3.68902 3.69426 3.68727 
3.69516 3.69469 3.69413 3.68774 3.69059 3.69078 3.69642 3.69146 3.69172 3.68784 3.69457 3.68958 3.69529 3.69019 3.68795 3.68876 3.69104 3.68953 3.69548 3.69041 3.69636 3.68839 3.69127 3.69602 3.69312 3.68899 3.69698 3.6847 3.69697 3.69225 3.69386 3.6836 3.69488 3.68935 3.69336 3.69169 3.69123 3.68906 3.69277 3.69075 3.69299 3.68928 3.69031 3.6864 3.68985 3.68721 3.69012 3.68466 3.69087 3.68666 3.6905 
3.69118 3.69372 3.69686 3.69487 3.69134 3.6892 3.6872 3.69672 3.69131 3.69166 3.68934 3.69774 3.69382 3.6913 3.69084 3.69388 3.6881 3.6902 3.69112 3.69349 3.69149 3.6962 3.69057 3.69704 3.68888 3.68766 3.68326 3.68898 3.69104 3.69262 3.6873 3.68709 3.69467 3.69175 3.68874 3.69212 3.69152 3.6893 3.68789 3.69383 3.68758 3.69337 3.69056 3.69521 3.68632 3.69138 3.6891 3.69373 3.68892 3.69314 3.69041 
3.69598 3.69116 3.69026 3.69211 3.69056 3.69292 3.69246 3.69107 3.69986 3.69204 3.69659 3.68736 3.69668 3.691 3.6976 3.6897 3.69535 3.68927 3.70264 3.68857 3.69378 3.69063 3.69522 3.69002 3.69189 3.6852 3.69256 3.69143 3.69003 3.69427 3.69411 3.69146 3.69216 3.69375 3.6931 3.68628 3.68909 3.68872 3.6907 3.69046 3.69164 3.68987 3.69219 3.68966 3.68829 3.68661 3.68565 3.6884 3.68947 3.69224 3.69125 
3.6955 3.69515 3.69178 3.69706 3.68826 3.69765 3.69048 3.69028 3.69476 3.69645 3.68911 3.69066 3.69284 3.69477 3.68992 3.69658 3.68833 3.69319 3.68872 3.69488 3.69214 3.69267 3.68822 3.69398 3.69078 3.69079 3.69054 3.69342 3.68761 3.69016 3.6878 3.69222 3.6888 3.69139 3.68845 3.69111 3.68819 3.69597 3.68799 3.69121 3.69089 3.68939 3.68848 3.69278 3.68292 3.68756 3.69123 3.69519 3.68931 3.68919 3.6929 
3.6922 3.6947 3.69772 3.68825 3.69448 3.68972 3.69715 3.6915 3.69706 3.68581 3.69748 3.689 3.69927 3.69594 3.6948 3.69353 3.69548 3.69015 3.69398 3.69024 3.69127 3.68946 3.68988 3.68867 3.69001 3.68772 3.69775 3.69001 3.69393 3.68865 3.68754 3.69022 3.68757 3.68903 3.69633 3.68923 3.69428 3.68945 3.69482 3.6945 3.69315 3.69322 3.69146 3.69362 3.69315 3.6882 3.69296 3.6866 3.6927 3.68922 3.68884 
3.69312 3.69159 3.69076 3.69665 3.69005 3.69046 3.68994 3.69077 3.69159 3.69534 3.69039 3.69532 3.69745 3.69399 3.69363 3.69398 3.69265 3.68871 3.69193 3.6888 3.68675 3.69085 3.68869 3.69224 3.68325 3.69111 3.68611 3.68763 3.68907 3.69114 3.6932 3.69552 3.68729 3.69643 3.68774 3.68783 3.69254 3.69085 3.68731 3.69417 3.68637 3.6918 3.68832 3.69115 3.6877 3.69443 3.69349 3.6946 3.6905 3.69406 3.6896 
3.69378 3.68936 3.69332 3.68895 3.69497 3.68963 3.69516 3.68889 3.69538 3.69344 3.69293 3.69094 3.68922 3.69 3.69769 3.69271 3.69494 3.69213 3.69082 3.68738 3.69213 3.68348 3.69253 3.68649 3.69285 3.68702 3.69211 3.69216 3.68968 3.69007 3.68847 3.68954 3.69594 3.68734 3.6905 3.69158 3.6963 3.68835 3.6931 3.68701 3.69472 3.68905 3.69082 3.69131 3.69023 3.69318 3.68809 3.69153 3.68682 3.68717 3.69014 
3.68924 3.69958 3.69213 3.69678 3.69456 3.69067 3.68762 3.69209 3.69154 3.69533 3.69391 3.69033 3.68946 3.69379 3.69203 3.69424 3.68874 3.692 3.69136 3.69069 3.69229 3.68978 3.6944 3.69006 3.68788 3.69274 3.68804 3.68968 3.6912 3.69519 3.68999 3.69225 3.69367 3.68803 3.68677 3.68899 3.6875 3.69798 3.68916 3.68784 3.68729 3.68942 3.69187 3.69205 3.68813 3.69336 3.68853 3.69248 3.69074 3.69209 3.68345 
3.69274 3.69072 3.69145 3.6894 3.69396 3.69421 3.69532 3.68811 3.68874 3.69225 3.69803 3.68533 3.69594 3.69551 3.69555 3.69569 3.6931 3.68866 3.69286 3.69059 3.69561 3.69267 3.6912 3.69103 3.69131 3.68691 3.69151 3.68734 3.69213 3.68776 3.69127 3.69378 3.69069 3.68923 3.68649 3.69124 3.69164 3.69359 3.68741 3.68431 3.6941 3.68939 3.68906 3.69031 3.69144 3.68799 3.6953 3.68786 3.69621 3.69089 3.69372 
3.69241 3.69189 3.68795 3.69483 3.68488 3.69636 3.68959 3.69512 3.68675 3.69601 3.68945 3.69921 3.69201 3.69604 3.69226 3.69003 3.69525 3.69711 3.68805 3.69877 3.68988 3.68871 3.693 3.6915 3.68833 3.68771 3.69054 3.69042 3.68766 3.69354 3.68999 3.69418 3.68977 3.68973 3.69214 3.69072 3.68759 3.69525 3.68909 3.69906 3.69465 3.68873 3.69016 3.6922 3.68955 3.69196 3.69332 3.68992 3.68987 3.68657 3.6863 
3.69549 3.68965 3.69008 3.6886 3.69361 3.69254 3.69209 3.69002 3.69588 3.69513 3.69511 3.69319 3.69441 3.69082 3.69152 3.69179 3.69498 3.69007 3.69326 3.69473 3.68986 3.69067 3.69371 3.69126 3.69226 3.68716 3.6908 3.68821 3.69528 3.69472 3.69378 3.69157 3.69621 3.68752 3.69074 3.68792 3.69175 3.68834 3.69718 3.6868 3.68605 3.68834 3.68885 3.68506 3.69209 3.69149 3.69354 3.68801 3.6923 3.69204 3.69273 
3.69503 3.6941 3.6869 3.69597 3.68685 3.69115 3.6886 3.69408 3.68336 3.69464 3.68905 3.69426 3.69523 3.69076 3.69291 3.69257 3.69 3.6886 3.68509 3.69683 3.68873 3.69124 3.68704 3.68881 3.68528 3.69244 3.69002 3.69433 3.68935 3.69137 3.68996 3.69178 3.68686 3.6944 3.68878 3.69647 3.68748 3.69627 3.68438 3.69109 3.68857 3.69097 3.69287 3.68848 3.68776 3.69142 3.68576 3.6968 3.69075 3.69674 3.69092 
3.69058 3.69151 3.69428 3.68628 3.6906 3.68914 3.6928 3.69314 3.69195 3.68991 3.69278 3.69251 3.69757 3.69613 3.69883 3.68866 3.69096 3.68647 3.69234 3.6877 3.68882 3.69113 3.68631 3.68428 3.69006 3.68811 3.69228 3.6915 3.6923 3.68627 3.69337 3.68595 3.69247 3.6923 3.68968 3.68883 3.69252 3.68208 3.68973 3.687 3.6976 3.69173 3.68489 3.69454 3.69198 3.69255 3.6948 3.69187 3.69164 3.68489 3.68795 
3.6873 3.6942 3.69053 3.697 3.69495 3.69327 3.69481 3.69306 3.68995 3.6878 3.68981 3.6949 3.69174 3.69426 3.69309 3.695 3.68979 3.68811 3.68778 3.68864 3.6937 3.68994 3.69634 3.68997 3.68651 3.69164 3.68589 3.68943 3.69377 3.69149 3.69335 3.69185 3.68673 3.68825 3.69113 3.68898 3.68762 3.69043 3.69191 3.69582 3.68997 3.69306 3.6901 3.69279 3.68611 3.69112 3.68434 3.69073 3.68892 3.69346 3.68752 
3.69121 3.69151 3.7013 3.68818 3.69508 3.68885 3.69043 3.69068 3.70381 3.69353 3.69245 3.69083 3.69208 3.68868 3.69571 3.69857 3.69465 3.68595 3.6923 3.68738 3.69778 3.69652 3.69356 3.68702 3.68996 3.69189 3.69085 3.687 3.69193 3.68632 3.69478 3.68848 3.68919 3.69327 3.68987 3.68903 3.69607 3.68836 3.68601 3.69165 3.68758 3.68695 3.69033 3.68514 3.69137 3.6898 3.68989 3.69372 3.69377 3.68706 3.68838 
3.68396 3.70054 3.68999 3.6953 3.69263 3.694 3.69346 3.69317 3.69052 3.69719 3.69228 3.69618 3.68902 3.69557 3.69434 3.69402 3.68988 3.69296 3.69229 3.69725 3.68783 3.69191 3.68857 3.68797 3.6891 3.69479 3.69415 3.69327 3.68545 3.69316 3.69502 3.69228 3.68909 3.68964 3.69168 3.69075 3.69163 3.68975 3.69212 3.69209 3.68959 3.69532 3.68789 3.69196 3.69104 3.69036 3.68665 3.69274 3.69221 3.69473 3.68926 
3.69284 3.69146 3.6919 3.6882 3.69187 3.69345 3.69769 3.69153 3.69557 3.69184 3.69421 3.6895 3.69586 3.69103 3.69431 3.69043 3.69306 3.69392 3.6924 3.69669 3.69149 3.69105 3.69113 3.69055 3.68849 3.69118 3.68974 3.68832 3.69233 3.69368 3.69624 3.68873 3.68858 3.69768 3.6929 3.69065 3.69116 3.68759 3.69135 3.69334 3.69085 3.69332 3.69155 3.69034 3.69194 3.68699 3.69158 3.6886 3.69379 3.69044 3.69202 
3.69165 3.69515 3.69196 3.69269 3.69779 3.69388 3.68651 3.69042 3.69387 3.69566 3.69266 3.69596 3.69067 3.69227 3.68629 3.69536 3.68689 3.69343 3.68978 3.696 3.68744 3.69158 3.69231 3.68795 3.69306 3.69233 3.69287 3.69289 3.68716 3.6891 3.68539 3.68827 3.69116 3.69485 3.68724 3.69164 3.6883 3.68904 3.69235 3.68771 3.68524 3.69023 3.69024 3.69263 3.6905 3.69219 3.68893 3.69019 3.69323 3.69082 3.69038 
3.69719 3.69129 3.69505 3.6892 3.68988 3.69604 3.6921 3.68956 3.7014 3.69169 3.6915 3.69263 3.69053 3.69242 3.69201 3.68613 3.69331 3.69211 3.69315 3.68504 3.69351 3.69075 3.68727 3.69032 3.68751 3.69091 3.6897 3.68561 3.69253 3.68488 3.69328 3.69352 3.68871 3.68603 3.68817 3.69121 3.6909 3.69232 3.69148 3.69182 3.69204 3.69177 3.69522 3.69042 3.68931 3.68586 3.69704 3.68825 3.69174 3.68825 3.6946 
3.69602 3.69234 3.69101 3.68914 3.68799 3.69468 3.68894 3.69373 3.69018 3.69162 3.69082 3.69193 3.68536 3.69154 3.69197 3.69464 3.69039 3.69679 3.69083 3.68811 3.68792 3.69493 3.68656 3.68746 3.68793 3.68825 3.68832 3.68621 3.68744 3.69168 3.68905 3.6888 3.68947 3.69848 3.68276 3.69006 3.68647 3.69562 3.69175 3.69044 3.68875 3.69122 3.69296 3.69622 3.68951 3.6917 3.68727 3.69166 3.68619 3.69286 3.68653 
3.69452 3.69128 3.69495 3.69231 3.69728 3.69009 3.69675 3.69054 3.69811 3.68926 3.69248 3.68877 3.6875 3.69346 3.69609 3.6906 3.69353 3.69337 3.69222 3.69405 3.69239 3.68654 3.69687 3.68969 3.6921 3.69596 3.69348 3.6905 3.6928 3.6892 3.69176 3.68692 3.68963 3.69421 3.69142 3.69637 3.69363 3.68448 3.69069 3.69418 3.68866 3.69274 3.68765 3.68889 3.69229 3.68643 3.69146 3.69108 3.68933 3.68766 3.69131 
3.69102 3.6958 3.68946 3.69162 3.69297 3.69011 3.68971 3.69122 3.6912 3.69639 3.69386 3.69295 3.69056 3.69048 3.69102 3.69462 3.68989 3.69205 3.68363 3.69117 3.68899 3.69603 3.69073 3.69049 3.68979 3.69413 3.68555 3.69301 3.6853 3.68553 3.691 3.69002 3.68526 3.69077 3.68527 3.69317 3.68788 3.69399 3.68741 3.68979 3.68522 3.69105 3.68794 3.68639 3.68807 3.69597 3.6902 3.69305 3.6905 3.69217 3.68586 
3.69046 3.6913 3.69387 3.69094 3.6973 3.68822 3.6949 3.69353 3.69055 3.6931 3.69135 3.6936 3.69304 3.68747 3.69783 3.6949 3.69261 3.69447 3.69133 3.68966 3.69139 3.68785 3.69573 3.69707 3.69188 3.68601 3.68998 3.68466 3.68831 3.68809 3.69322 3.69523 3.68639 3.69586 3.69373 3.68892 3.68911 3.68282 3.69346 3.68562 3.69157 3.68784 3.69081 3.68839 3.69221 3.68714 3.68808 3.68894 3.69008 3.68734 3.69112 
3.69357 3.69782 3.69064 3.69194 3.69311 3.69078 3.68747 3.69107 3.68927 3.69252 3.69314 3.69165 3.69208 3.69565 3.68769 3.68923 3.68736 3.69663 3.68947 3.69131 3.69392 3.68916 3.69642 3.69018 3.69204 3.69416 3.69296 3.69175 3.68911 3.69257 3.68746 3.6893 3.68492 3.69117 3.68744 3.69652 3.68357 3.68744 3.68862 3.68962 3.69027 3.68974 3.68813 3.68867 3.68881 3.69144 3.6857 3.69434 3.69373 3.69469 3.69062 
3.6935 3.69719 3.69013 3.69131 3.69338 3.69 3.69174 3.68782 3.69854 3.6916 3.68965 3.69104 3.6931 3.69047 3.69123 3.69143 3.68929 3.68621 3.69135 3.69014 3.69672 3.68689 3.68817 3.68623 3.69049 3.68689 3.68612 3.69523 3.68882 3.69001 3.69157 3.69013 3.68913 3.69237 3.69242 3.68963 3.69229 3.69219 3.68918 3.68768 3.695 3.6882 3.6883 3.68996 3.69117 3.68658 3.69132 3.6913 3.69237 3.68671 3.69276 
3.69525 3.69158 3.68764 3.69722 3.69073 3.69034 3.69023 3.69631 3.68996 3.69646 3.69178 3.69565 3.69323 3.69405 3.68961 3.69562 3.69367 3.69536 3.68827 3.69198 3.69209 3.69485 3.69133 3.69567 3.69038 3.69417 3.68941 3.69572 3.69081 3.6958 3.68575 3.68698 3.68795 3.69208 3.68381 3.69034 3.69145 3.69068 3.69061 3.69601 3.68325 3.68996 3.68777 3.68795 3.68724 3.69024 3.69257 3.70272 3.69145 3.69188 3.69256 
3.69502 3.69481 3.69682 3.68962 3.69823 3.6964 3.69474 3.69136 3.69394 3.68958 3.69774 3.6962 3.7002 3.69199 3.69085 3.69305 3.69211 3.69069 3.69222 3.69047 3.69443 3.68818 3.69622 3.68973 3.69367 3.69008 3.69068 3.68557 3.69004 3.68456 3.68974 3.69224 3.6898 3.69053 3.69472 3.6875 3.69691 3.69176 3.68952 3.68783 3.69198 3.68779 3.69365 3.68691 3.694 3.68525 3.6947 3.69499 3.69089 3.68643 3.69637 
3.69094 3.69825 3.69032 3.69511 3.69529 3.69274 3.6901 3.69245 3.687 3.69209 3.68865 3.69349 3.69256 3.69529 3.68913 3.69443 3.69264 3.69628 3.6923 3.69251 3.68714 3.68811 3.69206 3.69389 3.69024 3.68867 3.68779 3.69234 3.68973 3.69328 3.69094 3.69661 3.68563 3.69731 3.68644 3.69161 3.68921 3.69598 3.68812 3.69001 3.69238 3.69181 3.69108 3.69267 3.69181 3.69095 3.69267 3.69177 3.68861 3.69523 3.68685 
3.69156 3.69323 3.69379 3.69205 3.69432 3.69248 3.6953 3.6909 3.69192 3.68742 3.69179 3.68885 3.69306 3.68724 3.69079 3.6935 3.69959 3.69383 3.68804 3.69149 3.69185 3.68932 3.69226 3.68468 3.6922 3.69258 3.68957 3.68824 3.69308 3.68942 3.69179 3.68873 3.68666 3.68543 3.69031 3.68948 3.69592 3.68964 3.69264 3.69118 3.69127 3.69433 3.69112 3.68833 3.69465 3.69162 3.69484 3.68555 3.69137 3.69103 3.69319 
3.6933 3.698 3.6975 3.69381 3.68948 3.69921 3.69158 3.70125 3.69003 3.69349 3.69628 3.69113 3.68952 3.69175 3.69019 3.69037 3.69157 3.69129 3.68988 3.69524 3.68862 3.69545 3.68838 3.69274 3.68647 3.68928 3.69332 3.6885 3.68852 3.68835 3.68891 3.69348 3.69218 3.68825 3.68745 3.69415 3.69011 3.6951 3.68566 3.69435 3.68913 3.68952 3.6875 3.6975 3.6907 3.69391 3.68551 3.69336 3.68892 3.69322 3.69051 
3.69615 3.68751 3.69271 3.69333 3.69538 3.69059 3.69665 3.69223 3.69715 3.69283 3.69006 3.68884 3.69246 3.69067 3.69657 3.69132 3.68953 3.6925 3.6957 3.69118 3.69345 3.6907 3.69514 3.68699 3.69013 3.6883 3.69449 3.68906 3.68862 3.68432 3.69225 3.69095 3.69376 3.6875 3.69243 3.69123 3.69463 3.68723 3.69754 3.68833 3.68751 3.69115 3.68505 3.69655 3.69078 3.68701 3.69581 3.68943 3.69387 3.68682 3.68795 
3.69112 3.69592 3.69231 3.68959 3.69243 3.69419 3.6964 3.69278 3.68728 3.69272 3.69632 3.69551 3.68996 3.69519 3.69192 3.69344 3.69231 3.69282 3.69096 3.69634 3.68922 3.6946 3.69179 3.6965 3.6888 3.68851 3.6892 3.69024 3.68725 3.69042 3.68893 3.6914 3.69049 3.69299 3.68587 3.68956 3.68647 3.6913 3.68884 3.69092 3.68659 3.68783 3.68942 3.69515 3.68894 3.69459 3.69054 3.69081 3.68815 3.6919 3.68961 
3.69119 3.68823 3.69466 3.69581 3.69595 3.68485 3.69882 3.68378 3.69718 3.68835 3.69588 3.69269 3.69586 3.68794 3.69737 3.68849 3.69182 3.68998 3.69083 3.68859 3.69462 3.69151 3.68668 3.6904 3.69025 3.68595 3.68987 3.68691 3.69122 3.69054 3.6947 3.68974 3.69435 3.68802 3.68766 3.68837 3.69084 3.68484 3.68786 3.69069 3.68916 3.68763 3.6892 3.69001 3.69278 3.68819 3.694 3.69205 3.6933 3.68994 3.69333 
3.68793 3.69492 3.69112 3.69834 3.68683 3.69503 3.69157 3.69032 3.69475 3.6901 3.68904 3.69662 3.69115 3.69583 3.69347 3.69929 3.68386 3.68997 3.68815 3.69123 3.69364 3.69129 3.68997 3.69148 3.68682 3.69216 3.68606 3.69277 3.68863 3.693 3.68995 3.69229 3.68716 3.68857 3.68713 3.69437 3.68935 3.68957 3.68422 3.6936 3.69357 3.69359 3.68676 3.69083 3.68674 3.69041 3.69328 3.69127 3.68477 3.696 3.68966 
3.69634 3.69251 3.69477 3.69076 3.69435 3.6894 3.69464 3.69354 3.69932 3.69329 3.69535 3.69145 3.69495 3.69117 3.69211 3.68847 3.69131 3.6903 3.69766 3.69022 3.6914 3.68831 3.69027 3.69229 3.69718 3.69351 3.69606 3.69151 3.69365 3.68365 3.69017 3.69115 3.69333 3.68853 3.69012 3.69136 3.69767 3.69097 3.69091 3.69112 3.69257 3.68943 3.6934 3.68706 3.69017 3.68992 3.69239 3.68989 3.6886 3.69217 3.69675 
3.69306 3.69466 3.69344 3.69337 3.68812 3.69422 3.68789 3.69538 3.69387 3.69354 3.69215 3.68915 3.68759 3.68913 3.69344 3.68906 3.68948 3.69295 3.68659 3.69184 3.69386 3.69592 3.68934 3.68978 3.69084 3.69354 3.6897 3.69513 3.68852 3.69151 3.69229 3.68833 3.68729 3.6924 3.68647 3.6936 3.68679 3.68709 3.69039 3.69388 3.69301 3.69221 3.69156 3.69249 3.6903 3.69601 3.69111 3.6931 3.69178 3.69024 3.68975 
3.69798 3.6922 3.69357 3.69463 3.6951 3.69213 3.69632 3.69515 3.69464 3.6886 3.69615 3.68768 3.69792 3.68832 3.69302 3.68906 3.69616 3.69035 3.6942 3.69009 3.6941 3.69013 3.69144 3.6915 3.69651 3.69122 3.69395 3.68865 3.68939 3.68694 3.69269 3.69238 3.6923 3.68765 3.69172 3.68789 3.6885 3.68907 3.69469 3.69087 3.68975 3.68876 3.69443 3.68996 3.68841 3.6848 3.69043 3.69019 3.69003 3.69142 3.69225 
3.6914 3.69071 3.69076 3.69802 3.69524 3.69208 3.69007 3.69432 3.69521 3.69248 3.69315 3.69325 3.68896 3.69294 3.69102 3.68958 3.68822 3.69595 3.69273 3.68993 3.69349 3.69398 3.68573 3.69551 3.68931 3.69199 3.6899 3.69382 3.68928 3.69061 3.69295 3.69274 3.69217 3.6921 3.68646 3.68762 3.68893 3.69393 3.69442 3.68912 3.68947 3.69932 3.68866 3.69431 3.68903 3.69413 3.68534 3.69297 3.69163 3.6954 3.68906 
3.69048 3.68736 3.69154 3.69074 3.69934 3.69025 3.69544 3.69444 3.69333 3.69141 3.6982 3.68805 3.68726 3.68923 3.69393 3.68568 3.69316 3.6891 3.69894 3.69257 3.69292 3.69017 3.69335 3.68871 3.68937 3.68663 3.6926 3.68943 3.68957 3.69442 3.69714 3.69039 3.69177 3.68721 3.69324 3.68849 3.69356 3.68665 3.69162 3.69177 3.69454 3.6886 3.68854 3.68767 3.69839 3.68547 3.68908 3.68931 3.6905 3.68991 3.69493 
3.68856 3.692 3.68852 3.69249 3.69166 3.69706 3.69421 3.69672 3.69046 3.69327 3.69167 3.69275 3.69067 3.69776 3.69185 3.69642 3.68972 3.69292 3.69161 3.69544 3.6857 3.69248 3.69656 3.68906 3.69555 3.69328 3.68895 3.68854 3.6862 3.69401 3.69125 3.69485 3.69194 3.69452 3.69211 3.68974 3.6856 3.69247 3.6906 3.68948 3.68693 3.6995 3.69304 3.69106 3.68965 3.68992 3.68691 3.68838 3.68876 3.69178 3.68757 
3.69138 3.69698 3.69138 3.69075 3.69333 3.68852 3.69627 3.68897 3.69387 3.69002 3.69045 3.68766 3.6919 3.69248 3.68895 3.69308 3.68809 3.69366 3.68967 3.69083 3.69943 3.68917 3.69372 3.69118 3.69687 3.69066 3.68925 3.68815 3.69097 3.6879 3.69109 3.69262 3.69181 3.69066 3.69476 3.69283 3.69365 3.69043 3.69302 3.68986 3.68866 3.69011 3.68984 3.68754 3.69126 3.68834 3.68554 3.6884 3.69043 3.69289 3.68903 
3.69038 3.69891 3.69485 3.69486 3.68489 3.69416 3.68967 3.69293 3.69645 3.69248 3.68985 3.69051 3.68967 3.69347 3.69211 3.68894 3.69096 3.69168 3.69104 3.69213 3.68774 3.68905 3.68756 3.69845 3.68842 3.69439 3.6873 3.69444 3.69217 3.69135 3.69202 3.69792 3.69072 3.69605 3.68886 3.69102 3.68959 3.69032 3.6917 3.6867 3.68956 3.69038 3.69033 3.69219 3.68887 3.69147 3.69174 3.6924 3.69449 3.69254 3.69149 
3.69349 3.69032 3.69521 3.69185 3.69155 3.68741 3.69973 3.69123 3.69534 3.69082 3.69628 3.69438 3.69841 3.68681 3.70004 3.6887 3.69051 3.68871 3.69045 3.68833 3.68777 3.68699 3.69216 3.6931 3.69482 3.68852 3.69036 3.68981 3.69331 3.68867 3.68921 3.68992 3.6904 3.68853 3.69199 3.68669 3.68872 3.68813 3.69202 3.69408 3.69378 3.68907 3.69074 3.69094 3.68855 3.6862 3.69502 3.68767 3.69628 3.69255 3.69142 
3.69139 3.69564 3.69437 3.69456 3.69114 3.68925 3.68384 3.69139 3.6927 3.6952 3.69114 3.69028 3.69188 3.69389 3.69052 3.69355 3.6858 3.69425 3.69109 3.69263 3.69115 3.69423 3.68607 3.68979 3.69094 3.69159 3.69045 3.69782 3.69329 3.69216 3.68954 3.69421 3.68885 3.69221 3.68689 3.68988 3.69454 3.6921 3.68908 3.68908 3.68347 3.68783 3.68891 3.69001 3.6916 3.68973 3.68974 3.69459 3.69221 3.69763 3.68628 
3.69484 3.69117 3.6905 3.68958 3.69263 3.68666 3.69515 3.69361 3.69634 3.69312 3.69399 3.69408 3.68937 3.68888 3.69195 3.68869 3.69216 3.68529 3.68938 3.69393 3.69055 3.68583 3.69443 3.6913 3.69198 3.68478 3.6923 3.69021 3.69709 3.68793 3.70008 3.68948 3.69118 3.6905 3.69541 3.68707 3.68971 3.69236 3.69386 3.68956 3.69187 3.68913 3.69262 3.68739 3.69127 3.68602 3.69091 3.6859 3.6935 3.68947 3.69387 
3.69208 3.69851 3.68981 3.69768 3.69094 3.69533 3.68817 3.69457 3.68677 3.69171 3.68869 3.69831 3.69333 3.69453 3.69229 3.69101 3.6869 3.6952 3.68858 3.69241 3.69229 3.6924 3.68974 3.69134 3.68795 3.69397 3.68998 3.69154 3.69113 3.69075 3.68557 3.6876 3.68688 3.69088 3.69562 3.69407 3.68593 3.69611 3.68903 3.68998 3.69004 3.68875 3.69112 3.69929 3.69161 3.69382 3.68985 3.69258 3.68843 3.69433 3.68935 
3.69734 3.69361 3.69704 3.68587 3.69668 3.6911 3.69906 3.68869 3.69084 3.68959 3.69298 3.69413 3.69046 3.69512 3.6958 3.69052 3.68859 3.69217 3.69621 3.69026 3.69568 3.68339 3.69246 3.69667 3.69258 3.6889 3.68774 3.69344 3.69465 3.69354 3.69615 3.68981 3.69251 3.6893 3.6946 3.69067 3.69063 3.68761 3.69486 3.68683 3.6921 3.6896 3.69113 3.68868 3.69366 3.68568 3.69016 3.68914 3.69039 3.69022 3.69375 
3.69233 3.69071 3.69265 3.69155 3.68969 3.68796 3.68614 3.69575 3.68892 3.69796 3.69042 3.69513 3.69261 3.6913 3.68887 3.69722 3.69468 3.6898 3.68872 3.69182 3.68951 3.69017 3.69277 3.69837 3.68709 3.68948 3.68812 3.68908 3.69023 3.68984 3.6874 3.69201 3.6942 3.69182 3.68314 3.68973 3.68777 3.69173 3.68542 3.68905 3.68708 3.69036 3.68873 3.68991 3.69168 3.69012 3.68901 3.69039 3.68705 3.69318 3.69166 
3.69123 3.68793 3.69254 3.69405 3.69915 3.69207 3.69053 3.6921 3.69529 3.68825 3.69067 3.69361 3.69096 3.69092 3.69701 3.68906 3.69046 3.68262 3.68823 3.68692 3.69352 3.69019 3.69766 3.68838 3.69165 3.69 3.68853 3.69164 3.68926 3.68759 3.68901 3.6919 3.69032 3.68728 3.69339 3.6862 3.68759 3.69077 3.69093 3.69169 3.69315 3.68735 3.69304 3.68885 3.69071 3.69419 3.69646 3.68992 3.68918 3.68979 3.69456 
3.68812 3.69518 3.69083 3.69778 3.68997 3.68782 3.69347 3.69646 3.69339 3.69522 3.69036 3.70125 3.69055 3.69356 3.69271 3.69981 3.69051 3.69374 3.68731 3.69033 3.68571 3.68833 3.69368 3.69014 3.6953 3.69482 3.68645 3.69202 3.68748 3.68998 3.68995 3.69326 3.68567 3.68978 3.69175 3.69356 3.68698 3.69612 3.68904 3.69047 3.68575 3.68981 3.68628 3.69067 3.68571 3.69656 3.69122 3.68804 3.68465 3.68738 3.68707 
3.69503 3.69308 3.69017 3.68986 3.69112 3.69238 3.69236 3.69196 3.69362 3.6881 3.69255 3.69052 3.70016 3.69381 3.69274 3.68261 3.69432 3.69356 3.69558 3.68717 3.69359 3.68891 3.69028 3.69053 3.69284 3.68942 3.69326 3.68828 3.69511 3.69126 3.69431 3.68592 3.68705 3.69069 3.69104 3.69402 3.68953 3.69365 3.69397 3.68775 3.68944 3.69575 3.68799 3.68581 3.69197 3.69468 3.6952 3.68878 3.68825 3.69007 3.69438 
3.69863 3.68895 3.69101 3.69291 3.69086 3.69466 3.68884 3.69349 3.69418 3.69174 3.69027 3.69677 3.69095 3.69811 3.68987 3.69065 3.68653 3.69458 3.6892 3.69342 3.6898 3.6908 3.69547 3.69107 3.69059 3.69556 3.68968 3.68761 3.68364 3.69146 3.69488 3.69333 3.68435 3.69166 3.69002 3.69098 3.6898 3.69289 3.6881 3.69883 3.68467 3.68935 3.68981 3.69481 3.69131 3.69284 3.69181 3.69098 3.69353 3.68923 3.68782 
3.69274 3.6892 3.69139 3.69159 3.69391 3.69005 3.6976 3.6873 3.69996 3.68965 3.68995 3.68553 3.69351 3.68537 3.69127 3.69388 3.69257 3.69146 3.69241 3.69422 3.69175 3.68517 3.68933 3.68921 3.69534 3.68508 3.69378 3.68803 3.6973 3.68702 3.69561 3.69245 3.69108 3.68949 3.68903 3.6889 3.69167 3.68853 3.68964 3.69178 3.69158 3.68768 3.6917 3.68753 3.69524 3.69206 3.68285 3.68795 3.68844 3.685 3.69503 
3.6927 3.69536 3.69393 3.69456 3.69075 3.69459 3.68944 3.69453 3.69463 3.69203 3.69287 3.70262 3.69129 3.69235 3.68761 3.69393 3.69344 3.6934 3.69056 3.69051 3.69061 3.69461 3.68692 3.69106 3.68962 3.69019 3.68786 3.69397 3.69057 3.68933 3.6866 3.69149 3.68661 3.68622 3.6911 3.692 3.69135 3.68633 3.68561 3.69227 3.69034 3.69452 3.68481 3.69087 3.68776 3.69125 3.69278 3.68891 3.68726 3.68922 3.68982 
3.6931 3.68938 3.69477 3.69228 3.69642 3.68884 3.69609 3.69128 3.69294 3.69216 3.69492 3.69059 3.69211 3.69228 3.69064 3.69386 3.69212 3.69438 3.69216 3.68872 3.69658 3.68896 3.68886 3.69008 3.68996 3.69082 3.68834 3.68738 3.69211 3.69107 3.69522 3.69026 3.68987 3.68668 3.69308 3.68636 3.69009 3.6907 3.69169 3.69132 3.68986 3.68867 3.69303 3.69052 3.69199 3.68976 3.68731 3.68793 3.69004 3.68791 3.69091 
3.68691 3.69082 3.69639 3.69279 3.68912 3.69596 3.6943 3.69606 3.68917 3.68977 3.68777 3.69277 3.69069 3.69236 3.69113 3.69271 3.69177 3.6939 3.68811 3.69644 3.69089 3.69985 3.69441 3.68678 3.68687 3.6946 3.6939 3.6953 3.69209 3.6956 3.68666 3.69511 3.69016 3.68842 3.69093 3.6937 3.68507 3.6896 3.68473 3.69288 3.69518 3.69172 3.68878 3.69168 3.68983 3.69172 3.6899 3.6919 3.69135 3.69719 3.68803 
3.69673 3.69341 3.6954 3.68771 3.6957 3.6901 3.68951 3.69177 3.69365 3.69197 3.69509 3.69126 3.69299 3.69155 3.69128 3.6861 3.69112 3.69386 3.69367 3.69021 3.68798 3.68741 3.69078 3.68844 3.69034 3.68813 3.69426 3.68782 3.69317 3.6877 3.68901 3.68826 3.69325 3.68708 3.69577 3.68822 3.69632 3.6881 3.69642 3.69393 3.69084 3.68935 3.69003 3.68973 3.69333 3.68777 3.69154 3.6925 3.69045 3.68677 3.69441 
3.69162 3.69593 3.68918 3.69387 3.69178 3.69568 3.68773 3.69753 3.69478 3.69596 3.69239 3.6954 3.68545 3.68784 3.69088 3.69259 3.69287 3.69571 3.68904 3.69013 3.68957 3.69356 3.6889 3.69731 3.69415 3.69167 3.68581 3.69379 3.68843 3.69006 3.68266 3.69302 3.69397 3.69466 3.69415 3.68774 3.68445 3.69113 3.68825 3.68604 3.69109 3.69003 3.69512 3.69478 3.6926 3.69047 3.69239 3.69046 3.68944 3.68953 3.68969 
3.69003 3.6941 3.69688 3.69152 3.69141 3.69345 3.69381 3.69106 3.69239 3.68867 3.69201 3.69258 3.69584 3.68998 3.69627 3.68871 3.69109 3.68945 3.69281 3.69016 3.69942 3.6921 3.6911 3.69307 3.68913 3.68847 3.69231 3.68272 3.68907 3.68978 3.69253 3.68913 3.69421 3.69236 3.68846 3.68807 3.6923 3.69205 3.68862 3.68322 3.68978 3.68903 3.69123 3.69119 3.69352 3.69104 3.69129 3.69109 3.6943 3.68614 3.69247 
3.68853 3.68932 3.68806 3.69875 3.69094 3.69871 3.69114 3.69092 3.6894 3.6912 3.69163 3.69265 3.69827 3.69746 3.68802 3.69477 3.69157 3.69134 3.68914 3.69527 3.68916 3.69383 3.6899 3.68937 3.68838 3.6949 3.68623 3.69492 3.68636 3.69303 3.68847 3.69393 3.68548 3.69251 3.68961 3.69101 3.68897 3.69253 3.68467 3.69319 3.68652 3.69062 3.69246 3.69429 3.69194 3.68574 3.68604 3.69569 3.68573 3.69237 3.6844 
3.68908 3.68973 3.69695 3.69081 3.69479 3.69108 3.70031 3.68926 3.69137 3.69326 3.69522 3.68779 3.69437 3.68815 3.69204 3.6897 3.68907 3.69028 3.68908 3.68656 3.69497 3.68483 3.69139 3.689 3.6941 3.68785 3.69001 3.68727 3.69266 3.69282 3.68912 3.69011 3.68632 3.688 3.69045 3.68481 3.69386 3.69016 3.69261 3.68973 3.6911 3.68562 3.6899 3.6878 3.69412 3.68989 3.69425 3.69117 3.68881 3.69359 3.68899 
3.69028 3.69766 3.68896 3.69454 3.6893 3.69081 3.68935 3.69557 3.69266 3.69023 3.68783 3.69783 3.6889 3.69598 3.69333 3.6891 3.68861 3.69723 3.69104 3.69247 3.69053 3.69015 3.69031 3.69753 3.68974 3.69527 3.68772 3.68702 3.68637 3.68962 3.68666 3.69698 3.6932 3.69584 3.68898 3.69521 3.68912 3.69421 3.689 3.6906 3.68857 3.69192 3.69505 3.69262 3.68792 3.68966 3.68654 3.69589 3.69162 3.68936 3.68905 
3.69077 3.6953 3.69177 3.6885 3.69287 3.68919 3.69703 3.69169 3.69078 3.69228 3.69321 3.68931 3.69529 3.68724 3.69715 3.69392 3.69245 3.68758 3.69448 3.68842 3.69584 3.69402 3.69473 3.69039 3.69143 3.68513 3.6923 3.6879 3.68937 3.68619 3.6915 3.69473 3.68909 3.68418 3.68967 3.68551 3.69197 3.68585 3.6843 3.68782 3.69456 3.68884 3.6884 3.68856 3.69034 3.68608 3.6969 3.68646 3.69103 3.68652 3.69145 
3.69189 3.69248 3.69315 3.69323 3.69115 3.69405 3.68971 3.69803 3.69517 3.69205 3.69242 3.69153 3.68881 3.69216 3.68478 3.69031 3.6891 3.6924 3.69007 3.70131 3.69022 3.69587 3.68965 3.691 3.69057 3.69293 3.69481 3.69418 3.68871 3.69327 3.68652 3.69361 3.68665 3.68982 3.68805 3.69294 3.69038 3.69019 3.69164 3.68934 3.68839 3.69221 3.69215 3.69265 3.6893 3.69021 3.69317 3.69403 3.68652 3.69382 3.6852 
3.69097 3.69123 3.6911 3.69597 3.69109 3.68874 3.69271 3.69463 3.6973 3.69421 3.69307 3.69279 3.69363 3.69302 3.69152 3.68841 3.69185 3.68768 3.68858 3.68685 3.69276 3.69292 3.6914 3.68912 3.69081 3.68928 3.69831 3.69111 3.68995 3.68772 3.69402 3.69806 3.69003 3.69038 3.69425 3.6848 3.68883 3.68838 3.69282 3.69201 3.69192 3.68987 3.70041 3.68814 3.69251 3.6892 3.691 3.69059 3.69095 3.69259 3.69031 
3.69215 3.69392 3.69023 3.69394 3.69067 3.69526 3.69202 3.68682 3.68999 3.69483 3.68904 3.69343 3.69263 3.69655 3.69134 3.69218 3.69236 3.69441 3.68884 3.69455 3.68437 3.69326 3.68989 3.69695 3.69053 3.69053 3.69028 3.69347 3.69189 3.68984 3.68797 3.69501 3.68958 3.6884 3.68951 3.69277 3.68985 3.68913 3.68458 3.69287 3.68668 3.69714 3.68416 3.69291 3.68918 3.68596 3.69202 3.69242 3.69092 3.69266 3.68642 
3.69457 3.68667 3.69387 3.68628 3.69425 3.69318 3.69473 3.6932 3.69355 3.68871 3.69414 3.6927 3.69189 3.69814 3.69259 3.69435 3.69842 3.69149 3.69516 3.68993 3.69465 3.69175 3.69338 3.68735 3.69459 3.6859 3.68789 3.69136 3.68741 3.68612 3.69422 3.69163 3.69462 3.68917 3.69067 3.68746 3.68655 3.69411 3.69723 3.6909 3.69073 3.68842 3.69509 3.68573 3.68703 3.69273 3.68722 3.69047 3.69347 3.69055 3.69177 
3.68829 3.69638 3.6925 3.69059 3.68907 3.69776 3.69332 3.69199 3.68791 3.69988 3.68823 3.69657 3.68838 3.69504 3.69408 3.68957 3.6901 3.69105 3.68504 3.69002 3.69138 3.69308 3.68953 3.69699 3.6905 3.6919 3.68961 3.69154 3.69095 3.69832 3.68578 3.69375 3.68663 3.69086 3.69396 3.69258 3.68932 3.69395 3.6909 3.69348 3.69168 3.69207 3.68685 3.69216 3.68895 3.6976 3.69139 3.69964 3.69291 3.69707 3.6898 
3.69187 3.68974 3.69322 3.69386 3.68805 3.69384 3.69804 3.69565 3.69727 3.69625 3.6973 3.69055 3.69263 3.69033 3.69281 3.68916 3.69043 3.6933 3.69494 3.69172 3.69384 3.69049 3.69276 3.69045 3.69086 3.69103 3.69237 3.6886 3.69416 3.69386 3.69003 3.68929 3.69194 3.68863 3.69293 3.68328 3.68986 3.68845 3.69352 3.69025 3.69181 3.68908 3.68864 3.68892 3.69866 3.68865 3.69727 3.68845 3.69286 3.6931 3.69317 
3.69317 3.69783 3.689 3.69328 3.68868 3.69444 3.69298 3.69136 3.69186 3.69539 3.69395 3.69865 3.69082 3.69264 3.68858 3.69585 3.69083 3.69498 3.69221 3.69913 3.69071 3.69342 3.69014 3.69527 3.69075 3.69219 3.68926 3.69286 3.68504 3.68998 3.68918 3.69916 3.68957 3.69281 3.69709 3.69101 3.69205 3.69164 3.69081 3.68958 3.68929 3.68641 3.68895 3.69649 3.68977 3.69303 3.69184 3.68895 3.69175 3.68956 3.68888 
3.697 3.69109 3.69474 3.68779 3.6991 3.69368 3.69303 3.69021 3.69713 3.68818 3.69798 3.69209 3.69218 3.69072 3.69312 3.68933 3.68826 3.69064 3.691 3.68922 3.69099 3.69296 3.69383 3.68799 3.69631 3.68716 3.69087 3.68995 3.68958 3.68782 3.6886 3.69007 3.69331 3.68619 3.69131 3.69013 3.68791 3.68783 3.69179 3.6884 3.69189 3.69451 3.69743 3.68736 3.68879 3.69017 3.68911 3.68907 3.69239 3.68912 3.69201 
3.691 3.69517 3.69503 3.6948 3.69423 3.69914 3.69496 3.69208 3.691 3.6953 3.68903 3.69782 3.69105 3.6988 3.69481 3.69684 3.68768 3.69426 3.68666 3.69249 3.68292 3.69326 3.68571 3.69464 3.6919 3.69603 3.68682 3.69106 3.69187 3.69066 3.68974 3.69314 3.68795 3.68762 3.68864 3.69161 3.69191 3.68894 3.69184 3.69566 3.68852 3.69776 3.68522 3.69534 3.69022 3.68991 3.69212 3.69918 3.69384 3.69135 3.68915 
3.69358 3.69005 3.69558 3.68787 3.69331 3.69029 3.69444 3.68974 3.69384 3.69193 3.69208 3.68926 3.69273 3.68532 3.69195 3.69031 3.69637 3.68805 3.69209 3.69042 3.69191 3.6844 3.69132 3.68676 3.69397 3.68293 3.68884 3.69083 3.69126 3.68681 3.69339 3.68499 3.69205 3.68926 3.6898 3.68745 3.69043 3.68722 3.69204 3.68585 3.68972 3.69496 3.6911 3.68497 3.69162 3.6942 3.69072 3.68851 3.69155 3.68944 3.68748 
3.6943 3.70111 3.69468 3.69396 3.69086 3.6912 3.691 3.69337 3.68882 3.69568 3.68686 3.69116 3.68922 3.69081 3.69006 3.69357 3.68894 3.69191 3.69398 3.68995 3.68882 3.68912 3.68893 3.6971 3.69112 3.70051 3.68637 3.69266 3.68723 3.69162 3.69026 3.69424 3.68646 3.69161 3.69296 3.69254 3.68889 3.68875 3.69298 3.69113 3.68971 3.69319 3.68893 3.69198 3.68543 3.69407 3.68712 3.69083 3.68881 3.69438 3.68696 
3.69338 3.68716 3.68751 3.69352 3.69363 3.69148 3.69119 3.69251 3.70018 3.69533 3.69464 3.69024 3.69767 3.68899 3.69206 3.68741 3.69123 3.69563 3.69195 3.68604 3.69446 3.68652 3.69448 3.69055 3.68926 3.68677 3.68879 3.68605 3.693 3.69051 3.69147 3.68747 3.69123 3.68991 3.69189 3.69247 3.69177 3.69622 3.69404 3.68953 3.69014 3.69021 3.6921 3.68862 3.69577 3.69371 3.69246 3.69255 3.68736 3.6897 3.69205 
3.68982 3.69484 3.68933 3.69284 3.68934 3.68837 3.69419 3.69688 3.69013 3.69661 3.68972 3.69001 3.69171 3.69161 3.69187 3.69573 3.68825 3.69547 3.68835 3.69429 3.69145 3.69028 3.6873 3.697 3.68838 3.69387 3.68844 3.68821 3.68867 3.69032 3.68602 3.6916 3.68901 3.69062 3.69003 3.69148 3.68816 3.68974 3.69139 3.6947 3.69584 3.69062 3.68699 3.69613 3.68663 3.69316 3.69142 3.691 3.68709 3.69277 3.69132 
3.69025 3.6959 3.69581 3.69393 3.69812 3.69287 3.69632 3.69409 3.69773 3.68632 3.69379 3.68668 3.69077 3.69134 3.69215 3.68978 3.69322 3.69242 3.69484 3.68797 3.69897 3.69068 3.6897 3.68755 3.69693 3.68838 3.69507 3.69066 3.68974 3.69211 3.69454 3.68534 3.6949 3.69621 3.6903 3.69258 3.69864 3.68379 3.68889 3.68561 3.69355 3.68849 3.6884 3.69091 3.68782 3.68509 3.68703 3.68608 3.68908 3.68661 3.68984 
3.68899 3.69342 3.68823 3.69753 3.68828 3.69553 3.68921 3.69079 3.69531 3.69819 3.68568 3.69471 3.69372 3.69738 3.68781 3.69427 3.69326 3.69376 3.69324 3.69171 3.68733 3.68867 3.68899 3.69395 3.68517 3.69092 3.68568 3.6919 3.68686 3.69237 3.68868 3.68668 3.69224 3.69079 3.69158 3.68839 3.68594 3.69673 3.68642 3.68831 3.6909 3.69512 3.68644 3.69557 3.68933 3.69341 3.69038 3.68383 3.68977 3.68721 3.68713 
3.69233 3.69468 3.69077 3.691 3.69467 3.68982 3.69369 3.68578 3.69486 3.69154 3.69901 3.68892 3.69562 3.68497 3.69476 3.69229 3.69513 3.69208 3.69195 3.68825 3.69052 3.68921 3.69238 3.68703 3.69209 3.69416 3.69352 3.6935 3.6909 3.68646 3.68663 3.68918 3.69045 3.69075 3.69526 3.69001 3.68995 3.6898 3.69103 3.68712 3.6881 3.69563 3.69144 3.68654 3.69638 3.68947 3.69462 3.68974 3.69333 3.69197 3.69115 
3.69706 3.69125 3.69006 3.69234 3.6957 3.69277 3.69075 3.6945 3.68965 3.6945 3.6877 3.69334 3.68632 3.69479 3.69086 3.69746 3.69033 3.69037 3.69104 3.69329 3.68743 3.69634 3.68992 3.69429 3.68903 3.69284 3.69136 3.69212 3.6885 3.69181 3.68861 3.6969 3.688 3.6921 3.68583 3.6953 3.69523 3.69242 3.68816 3.69691 3.69286 3.69479 3.69005 3.69223 3.68839 3.68851 3.68836 3.68786 3.68707 3.69453 3.68323 
3.69106 3.69147 3.69361 3.69141 3.69428 3.69429 3.69211 3.69262 3.69537 3.68779 3.69448 3.69546 3.69259 3.69042 3.6902 3.69633 3.69486 3.68814 3.69685 3.69459 3.69552 3.68474 3.6923 3.68911 3.68881 3.69184 3.69464 3.68929 3.69611 3.69275 3.69408 3.69106 3.69465 3.6927 3.69561 3.68523 3.69182 3.68716 3.6909 3.69096 3.68863 3.68873 3.68825 3.69262 3.69591 3.69012 3.69305 3.69145 3.68889 3.68501 3.69295 
3.69072 3.69343 3.69444 3.69535 3.69562 3.69762 3.69462 3.6929 3.69084 3.6945 3.69622 3.69579 3.68796 3.69896 3.69199 3.70126 3.68996 3.69206 3.68916 3.68769 3.68896 3.69662 3.6954 3.69179 3.69154 3.69456 3.68797 3.68999 3.6873 3.69382 3.69054 3.69397 3.69692 3.68626 3.69003 3.68974 3.69014 3.6927 3.69238 3.68806 3.68956 3.69507 3.69054 3.69577 3.68838 3.69484 3.68911 3.69382 3.69109 3.68977 3.6907 
3.69238 3.69345 3.69356 3.69012 3.69406 3.6842 3.69499 3.68976 3.6933 3.68949 3.69366 3.6898 3.69034 3.69077 3.69122 3.69373 3.69255 3.69317 3.68768 3.68834 3.69081 3.69001 3.69131 3.69098 3.69378 3.69237 3.69207 3.68933 3.69271 3.69033 3.69244 3.68754 3.69523 3.69304 3.69563 3.69309 3.68828 3.69257 3.68834 3.68605 3.68937 3.68861 3.69454 3.68887 3.6916 3.68645 3.69253 3.68842 3.69219 3.68772 3.6895 
3.69019 3.69548 3.69131 3.69173 3.69051 3.69129 3.68976 3.69143 3.69162 3.69313 3.6908 3.69066 3.68774 3.6886 3.68991 3.69046 3.68904 3.68873 3.69498 3.69207 3.6911 3.69875 3.68517 3.69409 3.68612 3.69231 3.68669 3.69333 3.68973 3.69377 3.689 3.69724 3.69136 3.69583 3.69084 3.68936 3.68726 3.68954 3.69109 3.6924 3.69154 3.69809 3.69034 3.69594 3.69239 3.692 3.69301 3.69564 3.68999 3.68998 3.6896 
