0.634132 0.556229 0.516488 0.593731 0.465458 0.423676 0.723682 0.483713 0.415492 0.463484 0.41722 0.466293 0.450719 0.456305 0.416434 0.42192 0.462314 0.425741 0.428727 0.42896 0.486187 0.408833 0.456479 0.437023 0.454022 0.477422 0.472635 0.435086 0.635888 0.444481 0.461704 0.4565 0.480374 0.549524 1.07711 0.507997 0.465568 0.47978 0.54627 0.565381 0.501505 0.499103 0.518238 0.496434 0.511858 0.538108 0.50547 0.584194 0.568114 0.48806 0.545104 
0.536342 0.519953 0.469607 0.66723 0.454779 0.429166 0.450719 0.460726 0.416783 0.448888 0.558533 0.417399 0.44384 0.517591 0.441664 0.397423 0.428551 0.459018 0.473086 0.538077 0.446126 0.494428 0.466436 0.428095 0.459626 0.429569 0.487211 0.458535 0.467099 0.476884 0.450297 0.456982 0.462214 0.526645 0.470803 0.541409 0.541966 0.529317 0.451279 0.511479 0.475978 0.654632 0.473862 0.489564 0.4913 0.504555 0.498762 0.495319 0.512182 0.497275 0.503677 
0.552588 0.530082 0.500764 0.587421 0.431344 0.476494 0.462438 0.422697 0.496049 0.45375 0.509464 0.567657 0.426676 0.436743 0.510336 0.422645 0.513071 0.457612 0.414749 0.428735 0.465073 0.492702 0.458838 0.452437 0.440132 0.437288 0.439766 0.40594 0.58541 0.455222 0.497741 0.469769 0.484985 0.552022 0.56153 0.560295 0.547219 0.839669 0.478983 0.760909 0.496124 0.475483 0.478662 0.538959 0.564064 0.565942 0.488342 0.511001 0.511449 0.531689 0.600617 
0.553455 0.580572 0.521854 0.686277 0.506854 0.470204 0.45547 0.452204 0.605071 0.448271 0.434749 0.39789 0.409346 0.405546 0.407999 0.401797 0.414941 0.47353 0.434817 0.438349 0.430284 0.443656 0.439183 0.472551 0.449293 0.441363 0.75162 0.492037 0.488827 0.445809 0.699144 0.430205 0.473311 0.474981 0.636727 0.704255 0.534885 0.481812 0.450736 0.488721 0.492836 0.493645 0.517541 0.50034 0.482286 0.518057 0.465543 0.564675 0.634707 0.493621 0.527109 
0.558848 0.471936 0.553327 0.513268 0.512032 0.445758 0.424342 0.723955 0.446069 0.403403 0.41584 0.42897 0.439565 0.427719 0.405881 0.432751 0.411427 0.432954 0.42061 0.458247 0.419148 0.427141 0.505366 0.442648 0.4398 0.512734 0.502247 0.452141 0.542489 0.459571 0.593285 0.45281 0.483566 0.468731 0.548888 1.28332 0.524451 0.490589 0.556388 0.5108 0.491428 0.489328 0.535574 0.524144 0.491356 0.496437 0.527804 0.493351 0.575982 0.592256 0.512744 
0.530899 0.497338 0.522031 7.13771 0.492112 0.491281 0.451124 0.433416 0.431525 0.434557 0.437847 0.485388 0.489958 0.468712 0.64843 0.513595 0.454051 0.511205 0.434481 0.464681 0.469704 0.424938 0.413204 0.419008 0.500296 0.47541 0.457813 0.505991 0.423524 0.530245 0.506856 0.515278 0.514476 0.457083 0.558416 0.791018 0.459823 0.494727 0.471134 0.588562 0.491495 0.553943 0.520322 0.525667 0.510495 0.576938 0.495637 0.51145 0.493761 0.530496 0.554472 
0.648061 0.534541 0.49296 0.480899 0.535589 0.417377 0.425754 0.448135 0.416891 0.425833 0.50777 0.394759 0.446339 0.468572 0.455001 0.446297 0.411687 0.411575 0.384666 0.415582 0.437322 0.431723 0.492404 0.479323 0.489673 0.762252 0.501336 0.56472 0.509874 0.4927 0.550655 0.775239 0.448372 0.483095 0.497685 0.580089 0.522392 0.479384 0.505707 0.477477 0.512621 0.467396 0.521298 0.50743 0.533217 0.514721 0.496406 0.544414 0.603356 0.57122 0.51106 
0.544331 0.51129 0.50636 0.508149 0.461037 0.457519 0.455512 0.461583 0.427446 0.423558 0.45997 0.407083 0.39831 0.5994 0.509046 0.465371 0.459525 0.467759 0.468937 0.423448 0.40656 0.661162 0.456714 0.474411 0.417 0.461591 0.43772 0.472633 0.450289 0.469863 0.449356 0.449592 0.435642 0.491411 0.471974 0.497812 0.454788 0.522867 0.458795 0.44352 0.488497 0.499729 0.467116 0.47516 0.630169 0.520106 0.473663 0.574718 0.54993 0.614623 0.566539 
0.566482 0.490514 0.469314 0.4581 0.439954 0.478886 0.437877 0.438935 0.467482 0.424101 0.547181 0.445166 0.451612 0.453775 0.448748 0.508783 0.440733 0.444175 0.478205 0.445835 0.457255 0.585366 0.421242 0.417423 0.452648 0.439035 0.399203 0.458906 0.438866 0.450579 0.466646 0.483882 0.483202 0.575312 0.577615 0.48699 0.522848 0.500749 0.498009 0.519257 0.495901 0.519867 0.638343 0.465429 0.494866 0.527875 0.497188 0.530401 0.513846 0.505174 0.557781 
0.52722 0.589023 0.501155 0.507261 0.502986 0.472547 0.44283 0.466298 0.475502 0.446348 0.437097 0.437029 0.432889 0.501189 0.480444 0.424578 0.462495 0.451332 0.454822 0.486116 0.42258 0.423435 0.518332 0.434945 0.634853 0.566903 0.423179 0.530678 0.441979 0.51283 0.468069 0.515661 0.477289 0.932154 0.586495 0.471083 0.498005 0.498056 0.500245 0.555309 0.555672 2.49809 0.592318 1.18112 0.473715 0.69153 0.501087 0.523436 0.703624 0.518156 0.73851 
0.533146 0.508384 0.472853 0.467644 0.486503 0.525148 0.458662 0.458925 0.43351 0.649142 0.423459 0.443132 0.426086 0.722913 0.442932 0.434925 0.448097 0.437213 0.423091 0.45845 0.514495 0.452385 0.501948 0.543135 0.416733 0.444025 0.437227 0.447531 0.46248 0.457729 0.481918 0.448629 0.476816 0.497663 0.468421 0.474124 0.471973 0.48204 0.460717 0.446117 0.558308 0.470458 0.536987 0.511978 0.530684 0.484482 0.796167 0.601644 0.525243 0.506132 0.550604 
0.572532 0.504942 0.495109 0.544691 0.467881 0.462059 0.442181 0.445671 0.458751 0.39726 0.448354 0.436361 0.426845 0.419139 0.446355 0.435547 0.416149 0.472149 0.445044 0.415236 0.471599 0.574181 0.448189 0.478163 0.477788 0.451233 1.95267 0.451884 0.543431 0.477631 0.596985 0.493304 0.490805 0.446535 0.503607 0.458136 0.479309 0.494308 0.511393 0.529958 0.482326 0.479981 0.514804 0.625433 0.483531 0.495577 0.529702 0.50308 0.524078 0.541704 0.579237 
0.579569 0.507339 0.525155 0.465662 0.468747 0.463068 0.433768 0.443736 0.434756 0.425343 0.454831 0.411102 0.482431 0.475687 0.414403 0.524629 0.433114 0.439193 0.530914 0.454127 0.455307 0.450583 0.435389 0.443539 0.441591 0.456348 0.498752 0.47012 0.466488 0.474269 0.529018 0.466085 0.469228 0.508103 0.566422 0.488751 0.45628 0.459492 0.627527 0.598388 0.857981 0.641209 0.494192 0.506726 0.513092 0.499371 0.485949 0.47727 0.600852 0.591925 0.590606 
0.594011 0.500301 0.478209 0.484218 0.455616 0.428268 0.442644 0.439819 0.430285 0.392372 0.417746 0.427909 0.476093 0.401605 0.443746 0.457657 0.45881 0.476178 0.434334 0.417569 0.444485 0.501517 0.473782 0.472504 0.437518 0.519831 0.41301 0.504873 0.426567 0.482436 0.443742 0.450845 0.473539 0.420509 0.463748 0.445658 0.78963 0.633675 0.494579 0.51927 0.522321 0.541286 0.494386 0.466482 0.485476 0.504633 0.527938 0.484108 0.510854 0.481237 0.605965 
0.537739 0.532664 0.509171 0.446814 0.490226 0.459819 0.495701 0.433984 0.45515 0.764462 0.452515 0.420455 0.462964 0.434655 0.459083 0.783391 0.44037 0.433427 0.459582 0.44515 0.433956 0.412889 0.409321 0.440879 0.476036 0.483191 0.480232 0.441833 0.511811 0.500595 0.449393 0.553898 0.485316 0.50439 0.493163 0.438419 0.486875 0.538983 0.518831 0.491737 0.507261 0.512582 0.49711 0.669979 0.491614 0.786405 0.637704 0.526193 0.844719 0.544246 0.521322 
0.562019 0.512464 0.521993 0.481172 0.539967 0.508865 0.574243 0.452661 0.450008 0.427832 0.471066 0.421719 0.435947 0.436983 0.459531 0.446003 0.399803 0.446848 0.472892 0.428249 0.416946 0.43379 0.455998 0.49109 0.472881 0.491664 0.451599 0.631508 0.498481 0.52292 0.443097 0.676703 0.435595 0.433248 0.451833 0.53218 0.529724 0.470617 0.490243 0.505176 0.456863 0.522453 0.530458 0.556367 0.49455 0.594354 0.544009 0.574054 0.597131 0.519114 0.48814 
0.662779 0.526431 0.508592 0.461649 0.479264 0.550359 0.457238 0.485647 0.432071 0.489734 0.451643 0.452179 0.406824 0.440917 0.416956 0.435298 0.606965 0.412785 0.428611 0.518582 0.393842 0.425737 0.471469 0.489922 0.505783 0.500839 0.458237 0.449473 0.426581 0.454897 0.475069 0.507496 0.477389 0.613023 0.485423 0.511967 0.497471 0.492137 0.512962 0.470244 0.49646 0.653112 0.468868 0.538295 0.569681 0.481118 0.512721 0.647419 0.535806 0.498905 0.572652 
0.560284 0.575136 0.493136 0.495473 0.498158 0.445646 0.433929 0.466498 0.396618 0.459475 0.451287 0.448051 0.395215 0.418555 0.410219 0.402568 0.429553 0.448974 0.451128 0.493744 0.450023 0.440129 0.474622 0.53883 0.458561 0.444436 0.6258 0.508587 0.490635 0.509342 0.456814 0.472452 0.59573 0.481557 0.457017 0.626894 0.469342 0.488523 0.501448 0.509158 0.504251 0.487547 0.507022 0.50316 0.531306 0.653923 0.533615 0.494865 0.618209 0.513707 0.487661 
0.528315 0.553286 0.535192 0.435211 0.506203 0.469955 0.452183 0.523584 0.470381 0.450998 0.482156 0.428491 0.481244 0.42746 0.444513 0.475313 0.411586 0.485202 0.405356 0.470089 0.471754 0.403883 0.507054 0.63277 0.52888 0.433418 0.434383 0.50682 0.46225 0.438126 0.513635 0.440262 0.484501 0.469487 0.521567 0.443578 0.448918 0.562876 0.502319 0.495954 0.486771 0.528794 0.493558 0.482482 0.536012 0.527252 0.483584 0.538165 0.525575 0.492397 0.576989 
0.557712 0.522138 0.51311 0.520843 0.422346 0.404713 0.436509 0.425696 0.84402 0.508537 0.43637 0.489752 0.462966 0.455753 0.41155 0.495778 0.388057 0.396495 0.462077 0.568335 0.445319 0.565044 0.500577 0.41525 0.448002 0.493631 0.506087 0.612775 0.471477 0.451253 0.455068 0.500697 0.450288 0.474753 0.466944 0.616065 0.504097 0.454422 0.523845 0.552288 0.578306 0.513447 0.525607 0.544277 0.500451 0.546741 0.536149 0.544283 0.492946 0.558143 0.526051 
0.665316 0.676517 0.544269 0.44104 0.518817 0.505477 0.452443 0.41802 0.46146 0.424864 0.411749 0.442469 0.440981 0.476709 0.415893 0.425966 0.445227 0.391238 0.556777 0.415304 0.436749 0.433713 0.506495 0.448338 0.498121 0.416483 0.603007 0.461791 13.1097 0.650041 0.486313 0.470141 0.461031 0.605382 0.816196 0.455497 0.449916 0.52487 0.535701 0.472773 0.474911 0.495318 0.516509 0.500613 0.507257 0.603202 0.532698 0.535689 0.505397 0.580817 0.52027 
0.634049 0.840415 0.455225 0.544056 0.452537 0.434634 0.429502 0.528736 0.424177 0.445822 0.396691 0.432275 0.892803 0.421107 0.404288 0.590238 0.493734 0.39346 0.411874 0.508211 0.504512 0.444938 0.434755 0.484605 0.43816 0.926535 0.462831 0.426575 0.51508 0.444479 0.451461 0.48983 0.4591 0.535398 0.616595 0.498414 0.53046 0.450215 0.493021 0.524285 0.508692 0.550467 0.525381 0.63064 0.518489 0.524208 0.605834 0.502337 0.553746 0.561757 0.594827 
0.578798 0.571177 0.456802 0.512343 0.476373 0.446559 0.443077 0.470326 0.5152 0.439367 0.412446 0.434359 0.529834 0.445846 0.428557 0.462122 0.419401 0.410676 0.422563 0.422115 0.414327 0.519515 0.481007 0.479901 0.470343 0.488932 0.441061 0.477323 0.467359 0.455695 0.463438 0.508493 0.473284 0.48599 0.481005 0.477226 0.519646 0.524547 0.666414 0.506397 0.491692 0.48162 0.466533 0.6038 0.550303 0.62653 0.512153 0.492975 0.526735 0.525951 0.622137 
0.511878 0.479025 0.48191 0.551087 0.45875 0.423238 0.448075 0.407894 0.459081 0.439255 0.412601 0.405323 0.437123 0.415613 0.447324 0.428789 0.421778 0.405526 0.420502 0.428271 0.515702 0.461742 0.430849 0.417778 0.461553 0.496559 0.488093 0.50899 0.547244 0.600819 0.495139 0.443638 0.486183 0.46935 0.59874 0.476462 0.510262 0.484715 0.535571 0.48325 0.479252 0.548107 0.589651 0.473187 0.598223 0.55486 0.547454 0.501345 0.507584 0.521283 0.518794 
0.57546 0.502816 0.484596 0.533594 0.484133 0.475138 0.400462 0.447593 0.439556 0.507067 0.426193 0.419857 0.44304 0.432844 0.457554 0.43339 0.445494 0.635558 0.410963 0.451455 0.422747 0.543239 0.433737 0.432562 0.451241 0.474972 0.537069 0.446897 0.44614 0.510508 0.444526 0.582707 0.475361 0.477257 0.562985 0.470975 0.588667 0.55741 0.444732 0.604796 0.499338 0.511091 0.490468 0.46798 0.472823 0.548235 0.50964 0.516595 0.699318 0.52057 0.547477 
0.576585 0.602417 0.512203 0.506295 0.458946 0.447448 0.501981 0.442375 0.39296 0.436198 0.469192 0.425546 0.427899 0.465045 0.416621 0.435257 0.531836 0.408036 0.443798 0.432169 0.491233 0.43272 0.439814 0.44692 0.407055 0.455653 0.446229 0.478392 0.4459 0.522997 0.710864 0.491098 0.445676 0.477575 0.464913 0.495683 0.442023 0.564913 0.444369 0.487061 0.540236 0.520342 0.509088 0.505807 0.497297 0.500641 0.546602 0.563297 0.522411 0.503981 0.550619 
0.557958 0.58804 0.494842 0.534616 0.490751 0.530461 0.427594 0.423678 0.427907 0.414531 0.4375 0.453234 0.422364 0.425144 0.40384 0.449246 0.507193 0.432101 0.47931 0.414042 0.410886 0.43944 0.48117 0.439755 0.407317 0.446597 0.47979 0.48027 0.430932 0.484757 0.449504 0.460244 0.477066 0.506913 0.463196 0.521057 0.436316 0.463709 0.472439 0.488469 0.510197 0.495127 0.522349 0.497346 0.545855 0.489705 0.571209 0.565952 0.526604 0.498122 0.50917 
0.523899 0.52968 0.48357 0.492672 0.530794 0.428442 0.446811 0.421941 0.446853 0.425755 0.416468 0.447204 0.408877 0.409026 0.442396 0.463348 0.453996 0.439419 0.473858 0.473205 0.50102 0.448506 0.538916 0.44326 0.429531 0.455044 0.556179 0.560213 0.489248 0.511098 1.62725 0.472785 0.480255 0.444324 0.481079 0.585549 0.472057 0.50653 0.493071 0.545563 0.501253 0.540721 0.481423 0.521692 0.479793 0.468445 0.475926 0.543471 0.525305 0.567754 0.553495 
0.550008 0.500039 0.482276 0.479704 0.425174 0.458174 0.436425 0.455647 0.410288 0.410444 0.399582 0.471844 0.419426 0.682445 0.430002 0.623283 0.41469 0.397752 0.465878 0.441038 0.393004 0.488142 0.553049 0.405425 0.485798 0.526867 0.472693 0.507179 0.746227 0.474263 0.489285 0.50374 0.425672 0.471354 0.561265 3.28737 0.465278 0.470217 0.458815 0.518422 0.467736 0.525095 0.47209 0.511041 0.524507 0.590242 0.522379 0.563095 0.587438 0.512593 0.722207 
0.525769 0.535616 0.45597 0.498265 0.460074 0.523846 0.479025 0.633256 0.433033 0.401312 0.479075 0.420372 0.395314 0.448067 0.420479 0.438209 0.48396 0.465567 0.409088 0.464703 0.432876 0.921639 0.455139 0.480781 0.401017 0.506883 0.486236 0.453367 0.476265 0.452177 0.695464 0.551288 0.539981 0.587425 0.486734 0.47858 0.545033 0.492494 0.483811 0.507025 0.492844 0.461328 0.46764 0.552865 0.636272 0.492609 0.497375 0.506656 0.535151 0.530697 0.516493 
0.59918 0.524323 0.490752 0.46963 0.47081 0.469277 0.430768 0.56097 0.448026 0.416734 0.411624 0.448768 0.412977 0.447228 0.449836 0.47062 0.568709 0.394372 0.451921 0.447138 0.436603 0.473525 0.442739 0.461841 0.427982 0.449953 0.55571 0.719248 0.514333 0.473061 0.473535 0.488495 0.528116 0.487059 0.554417 0.461919 0.50529 0.492409 0.479826 0.507943 0.530416 0.496555 0.559586 0.509057 0.538566 0.473996 0.485516 0.520509 0.630967 0.525821 0.499052 
0.552299 0.532531 0.495729 0.462221 0.492045 0.482575 0.424541 0.430781 0.446235 0.562758 0.404042 0.426123 0.424524 0.40009 0.470984 0.43983 0.451598 0.439991 0.471178 0.654484 0.463079 0.442949 0.556504 0.524894 0.424137 0.449816 0.438054 0.534843 0.43162 0.434641 0.458699 0.523706 0.448201 0.453327 0.497771 0.4563 0.445295 0.474361 0.458599 0.492281 0.473284 0.475482 0.522228 0.484932 0.493967 0.467708 0.529309 0.834947 0.521787 0.516743 0.515551 
0.531058 0.542826 0.501561 0.508244 0.449141 0.423556 0.430591 0.803461 0.439942 0.423831 0.376481 0.437946 0.435345 0.473552 0.411006 0.452825 0.419112 0.457747 0.417246 0.433295 0.483223 0.490703 0.485404 0.450224 0.450974 0.490084 0.407871 0.567385 0.447103 0.474952 0.458372 0.58879 0.516726 0.468525 0.473975 0.49599 0.530504 0.516454 0.524847 0.507089 0.529302 0.530276 0.549715 0.796081 0.499541 0.501309 0.514671 0.574802 0.537186 0.546726 0.536004 
0.570597 0.492176 0.581281 0.47664 0.424384 0.463841 0.484131 0.448388 0.457577 0.392873 0.430035 0.434679 0.399825 0.473837 0.396068 0.386391 0.458185 0.450606 0.446651 0.399892 0.468791 0.573156 0.436887 0.407907 0.449706 0.482133 0.422911 0.459831 0.501176 0.540236 0.488907 0.485955 0.473921 0.48173 0.533948 0.498361 0.450845 0.550911 0.511443 0.53222 0.487994 0.481682 0.579534 0.650046 0.485125 0.489904 0.566911 0.556905 0.539432 0.502668 0.523209 
0.538139 0.570825 0.480986 0.46055 0.447138 0.430236 0.458294 0.40773 0.472157 0.398536 0.455904 0.429927 0.420404 0.568327 0.44104 0.422065 0.413534 0.415468 0.419961 0.480144 0.597815 0.4428 0.451414 0.539523 0.430857 0.461227 0.538392 0.975215 0.425965 0.43212 0.455091 0.5495 0.450782 0.501847 0.471579 0.461032 0.514293 0.520698 0.556436 0.470442 0.477842 0.517411 0.545157 0.57131 0.563021 0.554724 0.603097 0.539601 0.493906 0.54343 0.560762 
0.54194 0.542934 0.510131 0.461003 0.486518 0.499321 0.4473 0.440254 0.43577 0.493619 0.440114 0.434581 0.420603 0.428988 0.427298 0.42327 0.491004 0.411445 0.420166 0.46313 0.454885 0.445193 0.525091 0.450853 0.454915 1.62524 0.445154 0.664282 0.468889 0.445341 0.479307 0.475378 0.60413 0.449918 0.538296 0.468096 0.463385 0.533214 0.472497 0.586396 0.482833 0.494773 0.869692 0.478397 0.533467 0.494907 0.542842 0.557566 0.599336 0.503372 0.488523 
0.524105 0.563151 0.539952 0.505008 0.451329 0.429954 0.494091 0.629616 0.421221 0.423437 0.401386 0.463324 0.496638 0.422312 0.428422 0.420704 0.467877 0.408635 0.383646 0.489898 0.413335 0.461038 0.431127 0.476663 0.471823 0.466907 0.411971 0.451769 0.459811 0.54532 0.450622 0.642935 0.486106 0.490624 0.490172 0.455382 2.6614 0.50148 0.506537 0.479044 0.500103 0.491559 0.478888 0.526958 0.510648 0.494571 0.559564 0.536903 0.514311 0.5409 0.658416 
0.584659 0.507018 0.561136 0.492257 0.462205 0.45279 0.467578 0.39655 0.434117 0.391984 0.414369 0.421565 0.47363 0.411974 0.435303 0.436934 0.503411 0.417503 0.444728 0.445326 0.423364 0.661003 0.487051 0.562481 0.475054 0.515643 0.442132 0.604658 0.470145 0.50266 0.477295 0.460388 0.5342 0.51884 0.500908 0.621319 0.491732 0.456993 0.508832 0.801644 0.511373 0.503665 0.648534 0.537158 0.475275 0.77075 0.499731 0.512747 0.601292 0.560731 0.564177 
0.603133 0.516691 0.477236 0.595846 0.440256 0.469663 1.58228 0.471982 0.406739 0.428766 0.416301 0.46965 0.398752 0.476261 0.416919 0.433706 0.44302 0.434186 0.42851 0.413381 0.425108 0.443401 0.45485 0.422782 0.456654 0.492 0.569784 0.443861 0.434571 0.467005 0.421797 0.498267 0.500412 0.486974 0.463285 0.510527 0.474608 0.465912 0.480247 0.495886 0.487043 0.471416 0.533092 0.545745 0.549861 0.494322 0.507712 0.569417 0.549915 0.538687 0.539277 
0.556398 0.503173 0.583207 0.468191 0.467238 0.428938 0.471525 0.400791 0.430748 0.409352 0.394572 0.590627 0.401616 0.458609 0.379243 0.409402 0.4643 0.425987 0.434417 1.12073 0.458783 0.388491 0.434367 0.640999 0.476177 0.438816 0.608967 0.49802 0.508715 0.59171 0.429914 0.459168 0.501862 0.480832 0.485925 0.482317 0.516223 0.473998 0.562388 0.509692 0.46682 0.508629 0.552026 0.515297 0.494979 0.525987 0.49797 0.517212 0.551738 0.534946 0.496041 
0.581355 0.607996 0.527978 0.541915 0.483249 0.502484 0.435023 0.480542 0.585162 0.400425 0.43612 0.425929 0.422325 0.49105 0.421246 0.522088 0.40525 0.419164 0.473711 0.459542 0.425631 0.409365 0.502078 0.487452 0.502662 0.472167 0.469247 0.43949 0.443222 0.483817 0.477637 0.487365 0.495197 0.477318 0.460482 0.504762 0.533699 0.496569 0.583202 0.647959 0.468655 0.486479 0.487361 0.501083 0.550442 0.522337 0.484029 0.510285 0.585592 0.491569 0.624348 
0.620474 0.511448 0.494253 0.504143 0.449056 0.493524 0.421475 0.413505 0.432247 0.420788 0.422211 0.407245 0.391406 0.442884 0.458271 0.443141 0.481546 0.443553 0.486216 0.476731 0.507911 0.422642 0.4477 0.525341 0.462805 0.456796 0.452974 0.499144 0.430444 0.439386 0.435484 0.475419 0.711054 0.460112 0.518005 0.521653 0.48707 0.448844 0.461311 0.531523 0.530614 0.569363 0.512001 0.491268 0.619657 0.521615 0.535562 0.493951 0.559799 0.520929 0.505466 
0.545834 0.489546 0.515255 0.586132 0.496427 0.518426 0.421252 0.412048 0.420729 0.803037 0.479377 0.434849 0.555634 0.389243 0.418683 0.471614 0.436199 0.452187 0.438357 0.430092 0.391018 0.454869 0.437185 0.487855 0.484904 0.536769 0.472653 0.433614 0.509938 0.465464 0.468895 0.458729 0.491137 0.792916 0.49143 0.464806 0.439682 0.467602 0.544819 0.526102 0.592392 0.510103 0.468943 0.616488 0.479676 0.540914 1.26223 0.557279 0.50025 0.527508 0.517523 
0.542112 0.565932 0.548794 0.486602 0.496029 0.454171 0.567933 0.435628 0.566048 148.181 0.438761 0.39925 0.424629 0.400062 0.408395 0.419177 0.448722 0.563131 0.39791 0.465128 0.567416 0.431969 0.429752 0.502727 0.452078 0.478713 0.478188 0.543917 0.525542 0.48049 0.499616 0.440411 0.496078 0.499004 0.508882 0.470851 0.455104 0.552556 0.563641 0.539461 0.503927 0.580345 0.510988 0.491383 0.701519 0.635495 0.551744 0.506922 0.533915 0.500745 0.481768 
0.55003 0.523153 0.540754 0.452029 0.522375 0.496115 0.694067 0.439049 0.432283 0.424168 0.567707 0.451687 0.566346 0.411514 0.437551 0.439265 0.416995 0.427003 0.431776 0.48943 0.485912 0.410365 0.422511 0.481346 0.44634 0.440264 0.429535 0.43692 0.443741 0.469045 0.44055 0.41797 0.44999 0.549901 0.529414 0.522784 0.474384 0.594819 0.462158 0.521005 0.498742 0.549432 0.483795 0.46951 0.516562 0.484493 0.544878 0.560693 0.537309 0.899895 0.512777 
0.555484 0.531361 0.466188 0.524268 0.448598 0.441359 0.460076 0.478093 0.422983 0.426933 0.505777 0.406538 0.452734 0.408564 0.432211 0.411149 0.48477 0.4442 0.44595 0.447564 0.506403 0.442742 0.439845 0.56004 0.430086 0.442254 0.471746 0.462327 0.467904 0.46219 0.443828 0.538717 0.851795 0.485917 0.457526 0.533034 0.481105 0.502834 0.625353 0.513553 0.611267 0.623057 0.52628 0.552652 0.567116 0.495472 0.559578 0.522953 0.653658 0.515829 0.521284 
0.66691 0.530467 0.55686 0.528811 0.437282 0.460335 0.423026 0.40655 0.516815 0.465596 0.438916 0.422661 0.41735 0.431597 0.437132 0.51645 0.457326 0.424795 0.455757 0.485977 0.445515 0.413429 0.398212 0.406114 0.488053 0.559925 0.440114 0.441481 0.532037 0.439088 0.501626 0.498995 0.455933 0.493628 0.450189 0.51338 0.456892 0.520482 0.48475 0.482654 0.694588 0.486111 0.530649 0.580918 0.493531 0.564915 0.579909 0.505605 0.524736 0.740683 0.518398 
1.34012 0.547663 0.578319 0.496567 0.550193 0.508896 0.501363 0.400224 0.435651 0.47053 0.403309 0.429762 0.442658 0.400826 0.530996 0.398536 0.480552 0.41013 0.406833 0.464392 0.419673 0.458004 0.433876 0.480837 0.443855 0.419474 0.471819 0.447186 0.471765 0.533107 0.564069 0.464062 0.44734 0.485179 0.488256 0.485825 0.472788 0.499492 0.5892 0.569141 0.531023 0.511931 0.48289 0.490073 0.518197 0.454744 0.511375 0.483141 0.479494 0.546254 0.525644 
0.566017 0.649785 0.481465 0.454389 0.568753 0.454694 0.572382 0.442197 0.446662 0.425216 0.472192 0.461905 0.48025 0.407826 0.48718 0.456342 0.412701 0.427139 0.476006 0.548531 0.424905 0.455801 0.435921 0.485092 0.485216 0.449242 0.418171 0.477174 0.429806 0.477286 0.427112 0.434715 0.472095 0.476028 0.640997 0.525352 0.514945 0.499723 0.477011 0.465573 0.521487 0.516674 0.472365 0.55352 0.561635 0.499986 0.482756 0.520488 0.495893 0.630947 0.530445 
0.571302 0.587128 0.504426 0.525687 0.461708 0.45657 0.49827 0.397243 0.441356 0.460463 0.414167 0.430495 0.72821 0.383248 0.408069 0.470312 0.395331 0.46249 0.379521 0.605646 0.477666 0.45611 0.487583 0.467415 0.447729 0.512994 0.482892 0.456944 0.448504 0.47234 0.43845 0.468915 0.498649 0.5014 0.47042 0.539085 0.493454 0.505791 0.451862 0.498847 0.472065 0.500655 0.508511 0.52 0.498131 0.524737 0.644046 0.513387 0.56012 0.519059 0.512832 
0.586346 0.52715 0.758599 0.484152 0.439511 0.532258 0.448058 0.455889 0.712804 0.396663 0.407716 0.463634 0.419212 0.415782 0.588978 0.460392 0.397756 0.435786 0.448899 0.507515 0.503617 0.424098 0.434121 0.467607 0.440133 0.459742 0.57511 0.415174 0.578126 0.450877 0.494488 0.414451 0.508007 0.451635 0.497652 0.465352 0.456056 0.60038 0.528699 0.478205 0.514557 0.52747 0.504687 0.55501 0.475892 0.534071 0.523006 0.548874 0.54209 0.523219 0.552333 
0.548654 0.492035 0.460568 0.517455 0.454134 0.44068 0.477432 0.522078 0.498986 0.478572 0.508638 0.434641 0.407672 0.423909 0.427904 0.467378 0.479734 0.402567 0.410607 0.420185 0.396948 0.46266 0.447233 0.454271 0.622943 0.420608 0.523177 1.67302 0.444096 0.482617 0.447421 0.475288 0.489835 0.496746 0.647769 0.549175 0.510167 0.526753 0.492553 0.788717 0.469543 0.476743 0.506694 0.559434 0.523602 0.523735 0.559283 0.556134 0.498191 0.63165 0.540221 
0.56684 0.502473 0.495658 0.504327 0.504102 0.443178 0.443902 0.457588 0.437168 0.408702 0.579364 0.463766 0.380437 0.512621 0.389253 0.625629 0.456475 0.522694 0.42211 0.403308 0.441773 0.423537 0.455747 0.452409 0.467767 0.417378 0.456541 0.444903 0.454898 0.416895 0.439692 0.474568 0.490999 0.464938 0.520454 0.489396 0.490202 0.467519 0.535345 0.446629 0.508935 0.59877 0.487721 0.545729 0.485589 0.485481 0.543832 0.509565 0.537957 0.590963 0.54967 
0.606079 0.584352 0.526378 0.538828 0.476262 0.500614 0.46497 0.467036 0.460826 0.472497 0.43582 0.405977 0.769718 0.486119 0.385796 0.448622 0.483934 0.437762 0.418862 0.455542 0.404738 0.47829 0.443125 0.412629 0.401177 0.444754 0.431603 0.40708 0.462527 0.584191 0.450706 0.479886 0.763869 0.451658 0.547887 0.475711 0.571883 0.463273 0.511546 0.497687 0.484802 0.538973 0.479793 0.509909 0.494604 0.562981 0.516868 0.586687 0.534627 0.502949 0.523727 
0.532094 0.571371 0.540866 0.469867 0.439013 0.475076 0.519928 0.469294 0.443357 0.582735 0.407621 0.403685 0.415493 0.431002 0.41727 0.400798 0.467737 0.41779 0.426303 0.426537 0.479028 0.474593 0.493095 0.425215 0.546155 0.612673 0.457482 0.413163 0.497425 0.459552 0.483577 0.491107 0.471492 0.481585 0.510784 0.499568 0.511909 0.549347 0.485688 0.485507 0.530185 0.484642 0.471293 0.658399 0.615921 0.497736 0.542439 0.561876 0.521694 0.504637 0.600301 
0.555505 0.538323 0.54155 0.478744 0.533993 0.507831 0.468802 0.521103 0.460376 0.420519 0.441553 0.522208 0.440277 0.403404 0.429208 0.44566 0.450085 0.424121 0.430442 0.406358 0.435202 0.472101 0.422331 0.442067 0.503492 0.509283 0.507672 0.510246 0.438407 0.440933 0.515104 0.501531 0.514177 0.472154 0.563952 0.487704 0.447509 0.532067 0.531858 0.494943 0.5423 0.472821 0.541873 0.515527 0.517364 0.584411 0.499259 0.506644 0.524403 0.50957 0.523923 
0.567632 0.526479 0.500788 0.485451 0.454031 0.463369 0.477183 0.466686 0.432686 0.420327 0.475759 0.409975 0.435812 0.442276 0.472097 0.377165 0.405681 0.419435 0.471357 0.436498 0.44423 0.541766 0.474448 0.437805 0.447833 0.430281 0.552236 0.487062 0.446421 0.464777 0.478447 0.53767 0.447677 0.487764 0.457643 0.486826 0.509787 0.693736 0.533166 0.498614 0.654862 0.561464 0.523239 0.610977 0.493894 0.503012 0.52548 0.505159 0.536244 0.541541 0.514713 
0.545666 0.532106 0.536019 0.450687 0.450463 0.475916 0.43149 0.480985 0.450384 0.421229 0.46598 0.480686 0.399659 0.415169 0.438063 0.46535 0.912483 0.457059 0.415384 0.454907 0.391335 0.401401 0.409071 0.490014 0.418011 0.4626 0.434998 0.437754 0.434879 0.499791 0.465726 0.473886 0.614022 0.51145 0.539153 0.456792 0.463196 0.483233 0.489242 0.475672 0.520171 0.494702 0.484523 0.5315 0.561419 0.465643 0.541666 0.606213 0.501499 0.577985 0.566385 
0.57231 0.499723 0.810801 0.488484 0.557799 0.453841 0.549977 0.468197 0.481862 0.408746 0.423656 0.433208 0.40631 0.436655 0.782315 0.401946 0.422042 0.749596 0.422406 0.398039 0.450317 0.451282 0.915397 0.489388 0.485815 0.495399 0.434135 0.501483 0.490087 0.479342 0.447382 0.506759 0.474035 0.455683 0.512271 0.458691 0.489404 0.481917 0.47431 0.48799 0.541323 0.465054 0.475685 0.533558 0.51605 0.551922 0.512681 0.564238 0.663562 0.522897 0.553939 
0.544164 0.539147 0.549638 0.516083 0.465778 0.481233 0.423976 0.475716 0.380694 0.446941 0.44552 0.519567 0.400497 0.465157 0.422646 0.411 0.521201 0.407595 0.455236 0.435954 0.440319 0.401588 0.419367 0.412605 0.469734 0.469802 0.470204 0.517019 0.500362 0.474039 0.457908 0.526753 0.445099 0.449988 0.50705 0.508097 0.572525 0.653837 0.54959 0.486067 0.461185 0.471861 0.496986 0.565478 0.499439 0.466045 0.52231 0.566985 0.523858 0.528128 0.524824 
0.532665 0.514783 0.493832 0.443634 0.491184 0.481894 0.430966 0.445835 0.458399 0.420099 0.414777 0.67221 0.446626 0.447199 0.450981 0.431801 0.410332 0.400759 0.448341 0.520298 0.641032 0.504165 0.541367 0.441806 0.442457 0.467108 0.441049 0.446343 0.431899 0.459878 0.494876 0.526582 0.51893 0.444932 0.44936 0.5202 0.521273 0.465213 0.526898 0.495587 0.488532 0.490008 0.652128 0.51935 0.666367 0.608822 0.478045 0.544322 0.561608 0.5528 0.511879 
0.529652 0.521349 0.463252 0.498927 0.45761 0.500335 0.466762 0.65542 0.426723 0.846011 0.501412 0.399114 0.436994 0.514316 0.481511 0.437941 0.555043 0.41559 0.418056 0.419596 0.453542 0.625587 0.426739 0.420591 0.494686 0.496303 0.480094 0.553525 0.52337 0.580429 0.47139 0.45743 0.438104 0.443026 0.51387 0.449871 0.431657 0.543579 0.46769 0.474856 0.573257 0.521423 0.544569 0.51039 0.50084 0.660962 0.518525 0.490485 0.627755 0.521504 0.503003 
0.546271 0.510923 0.506069 0.582982 0.473173 0.421161 0.487661 0.40885 0.434585 0.40829 0.482316 0.394151 0.447099 0.442055 0.420851 0.508325 0.425724 0.444729 0.480814 0.417506 0.451404 0.442187 0.465182 0.456804 0.46186 0.419528 0.449056 0.418384 0.439656 0.484744 0.448773 0.613115 0.448036 0.493078 0.570931 0.461613 0.493942 0.494728 0.463303 0.503947 0.508304 0.551347 0.56427 0.494729 0.542446 0.546817 0.544611 0.567656 0.511061 0.521299 0.568386 
0.524254 0.528241 0.567272 0.450392 0.449121 0.439378 0.481295 0.41119 0.411575 0.417421 0.493732 0.456366 0.39462 0.442959 0.500426 0.430491 0.410028 0.677553 0.452295 0.411771 0.451805 0.412779 0.459203 0.405931 0.452834 0.463827 0.489024 0.433273 0.561047 0.529196 0.548865 0.487625 0.533708 0.460659 0.489662 0.464941 0.585339 0.481068 0.504374 0.537439 0.479416 0.664119 0.501234 0.478035 0.492559 0.600309 0.533711 0.506713 0.525543 0.53492 0.50935 
0.535651 0.539107 0.619745 0.489605 0.494504 0.424781 0.506571 0.408087 0.427231 0.432889 0.511868 0.434239 0.441161 0.429852 0.385899 0.478036 0.488423 0.478729 0.642142 0.424931 0.427434 0.442152 0.496289 0.426342 0.434809 0.500375 0.584332 0.465632 0.437055 0.455443 0.466754 0.477366 0.487719 0.470549 0.605073 0.51493 0.516045 0.509427 0.49709 0.578367 0.520475 0.534665 0.483556 0.51299 0.510472 0.631424 0.493074 0.550805 0.53541 0.527994 0.539078 
0.557955 0.524723 0.525487 0.453235 0.516476 0.439383 0.410558 0.465836 0.422098 0.455095 0.399941 0.432936 0.453945 0.445605 0.402461 0.425326 0.421552 0.441694 0.424218 0.575771 0.437959 0.447091 0.428825 0.438105 0.416348 0.689847 0.459857 0.552855 0.489088 0.468514 0.4398 0.515338 0.472611 0.5246 0.46054 0.493326 0.517495 0.498351 0.512713 0.516416 0.501887 0.450904 0.490149 0.560806 0.515885 0.521833 0.543056 0.648191 0.558811 0.55263 0.521709 
0.551921 0.513931 0.513329 0.509455 0.446498 0.449777 0.431643 0.461194 0.607826 0.4105 0.423553 0.443438 0.428077 0.44524 0.551474 0.416187 0.458411 0.441033 0.450901 0.464151 0.507276 0.536411 0.516629 0.411268 0.476833 0.403551 0.493005 0.456831 0.451522 0.630986 0.500726 0.445339 0.453083 0.467201 0.511827 0.475947 0.488576 0.494853 0.580231 0.525461 0.509208 0.472223 0.503726 0.52789 0.557704 0.515314 0.538541 0.554285 0.626254 0.576606 0.669882 
0.573702 0.512824 0.529648 0.433761 0.471929 0.486995 0.466491 0.697941 0.455143 0.474204 0.46398 0.407816 0.380196 0.446584 0.423435 0.428655 0.454518 0.487803 0.527378 0.475314 0.437349 0.432277 0.440956 0.453463 0.454274 0.438862 0.453236 0.487627 0.60583 0.574205 0.43752 0.445169 0.493073 0.466201 0.616973 0.562366 0.474438 0.626599 0.495434 0.509399 0.543626 0.476994 0.500378 0.487904 0.511981 0.490824 0.520704 0.540757 0.55048 0.60759 0.594333 
0.665154 0.530326 0.499495 0.526094 0.485609 0.495032 0.448988 0.435389 0.412295 0.465314 0.414444 0.433549 0.669668 0.429951 0.407715 0.430466 0.460164 0.470623 0.44455 0.419404 0.431238 0.47394 0.430475 0.495035 0.413663 0.429023 0.420965 0.477499 0.491914 0.527248 0.423862 0.521689 0.520808 0.463645 0.532017 0.501896 0.473341 0.489324 0.489323 0.562714 0.494596 0.58364 0.500725 0.488295 0.515039 0.516393 0.525981 0.50956 0.515778 0.504222 0.527974 
0.574469 0.483568 0.642767 0.457046 0.471433 0.482979 0.459914 0.44399 0.414508 0.409183 0.448616 0.449527 0.466373 0.444823 0.469048 0.414394 0.430275 1.013 0.438745 0.456518 0.430659 0.988054 0.447074 0.507286 0.432435 0.452877 0.453794 0.453321 0.431085 0.455034 0.452933 0.485589 0.560465 0.450997 0.472395 0.447213 0.497726 0.498974 0.492415 0.499316 0.478024 0.52131 0.501506 0.490401 0.641861 0.493367 0.512267 0.597556 0.568789 0.490637 0.535516 
0.554516 0.527511 0.470957 0.566776 0.458263 0.478142 0.486931 0.432502 0.438749 0.412802 0.433016 0.552688 0.375212 0.414641 0.439375 0.49436 0.456325 0.454586 0.474744 0.454671 0.451594 0.429664 0.426285 0.515676 0.411408 0.459884 0.514965 0.435998 0.48555 0.538546 0.529627 0.484217 0.546107 0.448596 0.489919 0.521882 0.562196 0.467013 0.510726 0.523934 0.502071 0.490917 0.476406 0.515951 0.519625 0.541586 0.523779 0.700975 0.500189 0.507508 0.563086 
0.564571 0.512521 0.521467 0.46949 0.48882 0.460941 0.478408 0.447136 0.43339 0.425784 0.462654 0.422603 0.429102 0.488839 0.414781 0.446773 0.443928 0.516625 0.483705 0.409642 0.416981 0.47273 0.459383 0.458146 0.654739 0.505429 0.472141 0.516693 0.463197 0.464989 0.44833 0.469048 1.13338 0.47228 0.458059 0.482945 0.513092 0.490189 0.469814 0.473398 0.499681 0.473849 0.465074 0.498447 0.470161 0.525232 0.527432 0.497674 0.547706 0.53452 0.473141 
0.513438 0.552848 0.532216 0.484657 0.488633 0.424197 0.453706 0.44955 0.43951 0.434118 0.566029 0.417407 0.393732 0.480697 0.486381 0.377529 0.422239 0.426996 0.428619 0.426424 0.430351 0.465532 0.407862 0.411192 0.472587 0.443762 0.505903 0.489866 0.429592 0.465119 0.475496 0.463081 0.436617 0.483364 0.531551 0.46805 0.482118 0.507142 0.499303 0.509273 0.581057 0.506455 0.485659 0.504807 0.515904 0.536451 0.492739 0.509059 0.501952 0.53729 0.551622 
0.5727 0.550364 0.50239 0.465819 0.455483 0.439271 0.429094 0.415633 0.513797 0.41507 0.510552 0.420588 0.440954 0.562262 0.420599 0.396861 0.475658 0.448893 0.428603 0.537245 0.441465 0.471215 0.449046 0.456899 0.473528 0.463103 0.52108 0.461905 0.44229 0.460092 0.479419 0.454627 0.47259 0.462226 0.574499 0.481699 0.480837 0.652099 0.541161 0.486181 0.488861 0.511666 0.515132 0.544553 1.26484 0.474676 0.503814 0.492499 0.49771 0.555314 0.518861 
0.576132 0.508093 0.610312 0.446158 0.461363 0.522317 0.451671 0.437047 0.470963 0.407385 0.615838 0.41225 0.491436 0.496583 0.424722 0.414172 0.436104 0.420486 0.433794 0.432937 0.406989 0.451996 0.444986 0.425209 0.481954 0.451721 0.452098 0.454068 0.419409 0.4775 0.432694 0.425567 0.489255 0.489908 0.563745 0.45483 0.500943 0.449601 0.570514 0.573403 0.479561 0.491833 0.473643 0.527985 0.516664 0.884174 0.505917 0.567185 0.507734 0.53877 0.544471 
0.530668 0.537019 0.478025 0.481476 0.496443 0.460487 0.443688 0.591155 0.399239 0.438309 0.429643 0.419337 0.411331 0.455913 0.431193 0.4524 0.444485 0.422346 0.435868 0.442413 0.452128 0.421519 0.468898 1.8069 0.449738 0.447028 0.452238 0.518985 0.555782 0.508839 0.459782 0.436186 0.510245 0.513029 0.489629 0.495985 0.567631 0.498214 0.516567 0.485316 0.491242 0.464708 0.498124 0.515497 0.488496 0.568309 0.536088 0.501628 0.606668 0.546897 0.518594 
0.562326 0.559905 0.46107 0.458568 0.481876 0.424963 0.449144 0.417501 0.412281 0.512774 0.478217 0.389319 0.435569 0.437596 0.445301 0.444611 0.433873 0.426296 0.436495 0.492692 0.414393 0.525051 0.469335 0.425079 0.504112 0.508209 0.448782 0.42989 0.489699 0.435665 0.460415 0.621278 0.546929 0.498755 0.451368 0.586434 0.449485 0.494586 0.500792 0.503393 0.461175 0.707195 0.483018 0.515701 1.21908 0.559102 0.504371 0.592664 0.516573 0.495101 0.569848 
0.56692 0.52631 0.50162 0.543107 0.511546 0.467819 0.488366 0.409274 0.47691 0.450839 0.401276 0.467022 0.436637 0.429357 0.406367 0.427293 0.425296 0.442949 0.476564 0.4262 0.455359 0.43678 0.440075 0.43563 0.418358 0.491874 0.483614 0.462603 0.429453 0.507154 0.521908 0.479559 0.428709 0.491931 0.739079 0.471717 0.453885 0.570903 0.516113 0.462809 0.493038 0.514849 0.601908 0.62799 0.520918 0.52096 0.554874 0.545034 0.519781 0.517108 0.52862 
0.548141 0.536971 0.483341 0.499706 0.457828 0.456405 0.461228 0.424934 0.462835 0.463766 0.452944 0.442064 0.517104 0.394358 0.404494 0.607404 0.380356 0.506878 0.490512 0.415514 0.516917 0.5287 0.519597 0.458272 0.450909 0.492321 0.442119 0.435589 0.476068 0.511422 0.462587 0.497222 0.526542 0.47107 0.534445 0.490072 0.489363 0.478163 0.69875 0.542033 0.500993 0.503614 0.483453 0.504666 0.635562 0.515468 0.55991 0.518663 0.557864 0.522187 0.525213 
0.557644 0.489998 0.519988 0.523696 0.465908 0.505927 0.477389 0.450083 0.45886 0.412155 0.432579 0.417285 0.558762 0.413111 0.471077 0.447726 0.485663 0.438045 0.440883 0.434307 0.439393 0.435574 0.43988 0.466212 0.446707 0.61799 0.482551 0.495094 0.482389 0.475947 0.466596 0.458472 0.522004 0.523694 0.488451 0.463163 0.56141 0.461801 0.451319 0.567681 0.524799 0.485798 0.549873 0.488044 0.523375 0.579226 0.518776 0.531212 0.505823 0.513622 0.491612 
0.546002 0.542856 1.08712 0.562307 0.499155 0.484936 0.472906 0.428318 0.444067 0.420351 0.418322 0.579584 0.419636 0.449103 0.418976 0.434986 0.431949 0.425798 0.41997 0.46226 0.417379 0.420545 0.416303 0.416619 0.429982 0.54016 0.457687 0.409948 0.560204 0.483329 0.453611 0.537249 0.468115 0.475879 0.477394 0.476928 0.505753 0.497869 0.466569 0.484457 0.49929 0.533558 0.495263 0.493089 0.613246 0.52156 0.574608 0.539999 0.510516 0.513097 0.543248 
0.609733 0.693428 0.523816 0.471923 0.515456 0.456774 0.420825 0.422383 0.458849 0.411996 0.461002 0.438338 0.404085 0.755125 0.434348 0.437176 0.445434 0.435719 0.508026 0.447739 0.474786 0.543865 0.443459 0.481922 0.467683 0.622662 0.427312 0.496795 0.477181 0.474082 0.464769 0.456443 0.478622 0.496212 0.455317 0.458804 0.461974 0.551473 0.516715 0.503336 0.511032 0.556432 0.48558 0.498272 0.483806 0.487771 0.502292 0.516539 0.484941 0.596175 0.503598 
0.53505 0.502448 0.507681 0.483832 0.467634 0.474185 0.489226 0.437902 0.414821 0.411261 0.590471 0.423678 0.486929 0.418769 0.593269 0.411555 0.446737 0.482882 0.571253 0.449195 0.42613 0.420831 0.681627 0.533868 0.514433 0.43186 0.455998 0.466333 0.438282 0.534078 0.484976 0.525279 0.501991 0.524522 0.40729 0.592872 0.476175 0.52532 0.462539 0.487639 0.541983 0.573038 0.565977 0.560066 0.493005 0.564717 0.577092 0.50478 0.514515 0.568753 0.51826 
0.530628 0.576398 0.505126 0.445968 0.492046 0.435037 0.451964 0.464346 0.430528 0.399723 0.449101 0.461836 0.481372 0.406932 0.416161 0.413391 0.479884 0.428145 0.402337 0.42279 0.445419 0.447333 0.409601 0.438913 0.412292 0.453652 0.433341 0.458256 0.447674 0.471629 0.449919 0.515539 0.492789 0.432304 0.472609 0.584652 0.506348 0.568077 0.558796 0.512121 0.664863 0.639234 0.573078 0.613659 0.479492 0.652556 0.62216 0.511365 0.683207 0.521911 0.506291 
0.546039 0.547546 0.520015 0.461524 0.458799 0.452054 0.453318 0.414425 0.435769 0.469185 0.457505 0.447166 0.44857 0.433692 0.414402 0.496958 0.398905 0.426888 0.416903 0.42015 0.452227 0.538285 0.435933 0.42759 0.464284 0.466318 0.432092 0.46132 0.471591 0.493182 0.480782 0.438612 0.490489 0.481542 0.490805 0.474748 0.497782 0.510566 0.521395 0.533407 0.524823 0.463127 0.551054 0.598565 0.488513 0.532436 0.510472 0.529889 0.535731 0.458695 0.542233 
0.554932 0.504128 0.550147 0.507383 0.481821 0.432402 0.421218 0.572233 0.428851 0.515519 0.427491 0.393977 0.40646 0.398331 0.451885 0.444073 0.39352 0.485407 0.412612 0.409142 0.487261 0.486673 0.436106 0.428345 0.423456 0.429446 0.472119 0.460516 0.405293 0.468362 0.477002 0.467533 0.495716 0.505329 0.444629 0.491848 0.59334 0.491511 0.475122 0.479313 0.501525 0.508507 0.521397 0.575002 0.574801 0.631084 0.51803 0.655763 0.522346 0.491512 0.512686 
0.529124 0.524109 0.609981 0.440828 0.475436 0.553497 0.42804 0.418964 0.475306 0.421993 0.473627 0.412175 0.386305 0.436002 0.424331 0.54569 0.42226 0.548002 0.469309 0.428625 0.449495 0.516444 0.467785 0.453925 0.451243 0.52725 0.513417 0.452697 0.418709 0.459805 0.569902 0.548391 0.493604 0.689611 0.514346 0.457692 0.786677 0.478333 0.599432 0.453378 0.563549 0.555108 0.497542 0.503762 0.517322 0.499215 0.489534 0.653744 0.510252 0.509061 0.508848 
0.577233 0.517503 0.493472 0.456845 0.50033 0.562607 0.469783 0.476312 0.544206 0.422311 0.449544 0.482372 0.426135 0.457187 0.46932 0.411686 0.432469 0.392401 0.44715 0.432806 0.496052 0.387391 0.471307 0.424232 0.543345 0.453173 0.42191 0.464976 0.465947 0.503257 0.448547 0.447531 0.498188 0.497502 0.492652 0.516462 0.5162 0.491246 0.493837 0.492311 0.498009 0.493407 0.498131 0.488911 0.487244 0.480728 0.5404 0.678989 0.531619 0.553615 0.52451 
0.556741 0.527412 0.503156 1.09158 0.442363 0.423269 0.466627 0.577914 0.472883 0.379432 0.414006 0.425692 0.441747 0.400698 0.42268 0.407543 0.477612 0.427133 0.489847 0.413945 0.502991 0.419612 0.439631 0.435548 0.515609 0.460745 0.448872 0.419601 0.470112 0.463821 0.551892 0.506686 0.525561 0.538493 0.52814 0.45709 0.51109 0.529761 0.47587 0.53935 0.478049 0.538056 0.540507 0.478119 0.546763 0.502703 0.484082 0.505306 0.552472 0.535776 0.522552 
0.580884 0.510058 0.487973 0.492347 0.779872 0.448784 0.45738 0.40291 0.417698 0.407813 0.438644 0.413125 0.454976 0.484314 0.430626 0.439785 0.43487 0.396245 0.45424 0.47789 0.396416 0.490285 0.488042 0.460542 0.594144 0.49854 0.436322 0.419114 0.433321 0.532982 0.482766 0.429864 0.478769 0.574198 0.492463 0.474302 0.458062 0.516539 0.701664 0.445084 0.483032 0.495751 0.549651 0.597958 0.482616 0.523365 0.530507 0.507679 0.495794 0.501996 0.578096 
0.597333 0.544673 0.518224 0.483306 0.475537 0.491158 0.412564 0.443271 0.464582 0.467828 0.434874 0.399185 0.470169 0.460457 0.500471 0.433682 0.41822 0.449563 0.41712 0.445554 0.441802 0.414774 0.464546 0.482505 0.472682 0.450246 0.427179 0.470811 0.467616 0.440394 0.502462 0.513327 0.50029 0.4919 0.491114 0.479487 0.480077 0.487547 0.517499 0.530945 0.66895 0.498956 0.483867 0.482424 0.4835 0.577742 0.495813 0.504046 0.504697 0.588629 0.557578 
0.592319 0.54087 0.492162 0.483746 0.482861 0.490889 0.476127 0.45343 0.482047 0.415391 0.404959 0.406698 0.545577 0.447253 0.434989 0.403436 0.40729 0.452561 0.400974 0.443679 0.417976 0.479905 0.408304 0.599973 0.440228 0.415753 0.491507 0.473722 0.477056 0.472443 0.480895 1.22359 0.619221 0.481598 0.452406 0.573477 0.538297 0.493337 0.5066 0.484272 0.556648 0.51393 0.522981 0.504977 0.516208 0.564307 0.484846 0.736414 0.507996 0.574936 0.515603 
0.573313 0.560908 0.498978 0.448902 0.430749 0.520573 0.428588 0.48224 0.456754 0.449596 0.501306 0.523155 0.416427 0.413128 0.459631 0.414783 0.440626 0.41103 0.453843 0.403571 0.573809 0.465785 0.404297 0.556181 0.471537 0.545322 0.511546 0.425406 0.488134 0.457343 0.478676 0.487187 0.547347 0.536234 0.450082 0.493154 0.473493 0.470475 0.453642 0.521811 0.49919 0.497099 0.532317 0.592765 0.497968 0.525145 0.549919 0.730328 0.500014 0.529718 0.544752 
0.548325 0.51104 0.479901 0.599228 0.451695 0.489372 0.503682 0.414242 0.408596 0.451528 0.465054 0.467075 0.426768 0.412364 0.432234 0.46564 0.428409 0.415185 0.47818 0.443546 0.416365 0.420391 0.481064 0.456326 0.491746 0.475039 0.435292 0.515675 0.450399 0.525688 0.485065 0.480068 0.4481 0.442999 0.502708 0.452505 0.480907 0.533237 0.476366 0.47925 0.496409 0.51357 0.611155 0.485296 0.600377 0.510241 0.505301 0.550181 0.685625 0.526263 0.555149 
0.538039 0.52253 0.524007 0.480222 0.467869 0.433161 0.480806 0.446619 0.4436 0.443705 0.467146 0.417273 0.480315 0.435785 0.413399 0.410761 0.466962 0.399643 0.416373 0.443349 0.609061 0.422135 0.422532 0.433739 0.500035 0.494537 0.488138 0.502933 0.481333 0.502483 0.429114 0.49498 0.483863 0.437767 0.474767 0.474838 0.54006 0.545882 0.458226 0.566545 0.541621 0.49603 0.552652 0.520659 0.490993 0.602052 0.516002 0.49226 0.524079 0.525628 0.549762 
0.585995 0.480056 0.473359 0.506769 0.49941 0.435398 0.420894 0.53342 0.461965 0.420633 0.610642 0.422553 0.476228 0.470434 8.37231 0.416997 0.402629 0.475752 0.488895 0.416628 0.418575 0.443036 0.472301 0.438092 0.534394 0.458274 0.45168 0.470066 0.470238 0.461836 0.48543 0.461507 0.476735 0.48595 0.465066 0.479151 0.50757 0.481448 0.493667 0.513437 0.527714 0.513668 0.505754 0.584096 0.576526 0.526463 0.57338 0.55455 0.525845 0.512954 0.500579 
0.561811 0.623321 0.499353 0.446287 0.48159 0.467815 0.427299 0.505018 0.436006 0.489856 0.470978 0.395557 0.429493 0.428045 0.411049 0.517488 0.454682 0.436757 0.590092 0.446613 0.424574 0.432019 0.479379 0.4577 0.432671 0.440259 0.405707 0.45213 0.437143 0.461437 0.522294 0.476386 0.46827 0.49831 0.506703 0.559427 0.527473 1.1957 0.561128 0.742381 0.489552 0.643743 0.507874 0.463848 0.499066 0.566932 0.533034 0.615813 0.591268 0.604256 0.504727 
0.526773 0.544438 0.479636 0.507431 0.469351 0.462417 0.478781 0.434431 0.449294 0.440374 0.430278 0.487355 0.452424 0.411296 0.421024 0.446952 0.475911 0.425087 0.419083 0.440569 0.438767 0.445398 0.538102 0.476274 0.4512 0.450313 0.50076 0.465017 0.454932 0.454711 0.47625 0.469451 0.676153 0.467134 0.755334 0.46722 0.543141 0.44396 0.454106 0.482404 0.566923 0.552513 0.467048 0.583448 0.54652 0.534343 0.611983 0.593597 0.490372 0.550854 0.510197 
0.52381 0.590079 0.464753 0.468533 0.464581 0.526839 0.426413 0.442346 0.418504 0.433015 0.431579 0.466975 0.457806 0.433203 0.460178 0.440605 0.461312 0.445549 0.623908 0.383699 0.451523 0.492825 0.457023 0.504203 0.432719 0.444487 0.494754 0.42916 0.489089 0.498486 0.437155 0.484745 0.471689 0.484558 0.59403 0.45043 0.448607 1.135 0.486813 0.460493 0.506107 0.549268 0.470557 0.509959 0.609847 0.519966 0.495586 0.498659 0.561899 0.478503 0.554604 
0.574796 0.519874 0.489031 0.491293 0.460462 0.442175 0.453785 0.496274 0.431021 0.432877 0.460625 0.605178 0.399681 0.40425 0.456498 0.437345 0.409908 0.446341 0.657895 0.436582 0.442281 0.432955 0.402137 0.424268 0.434521 0.419607 0.486807 0.484094 0.500185 0.45073 0.44058 0.44683 0.586585 0.434488 0.457405 0.514038 0.484926 0.482055 0.601376 0.450753 0.603371 0.557963 0.655926 0.527712 0.519389 0.502391 0.509754 0.533938 0.489178 0.7416 0.538241 
