1:  -3.25304405635e-09 -3.25304405635e-14 0.135255108537
2:  -2.43937736677e-09 -3.25315774319e-14 0.122538227042
4:  -8.1309958766e-10 -3.25315774319e-14 0.10458434729
5:  -2.92711455074e-10 -3.25315774319e-14 0.100597166101
8:  -8.74116889982e-11 -3.25315774319e-14 0.081149024151
10:  -4.12590850374e-11 -3.25315774319e-14 0.0799656537724
16:  -1.52846624246e-11 -3.25315774319e-14 0.051076651004
20:  -8.8923535202e-12 -3.25315774319e-14 0.0478220381074
25:  -5.5597304538e-12 -3.25315774319e-14 0.0391835020127
32:  -3.34915428724e-12 -3.25315774319e-14 0.0290574076675
40:  -2.11488604407e-12 -3.25315774319e-14 0.026648536589
50:  -1.34312116984e-12 -3.25315774319e-14 0.0208921975278
80:  -5.24441601257e-13 -3.25315774319e-14 0.0143115476485
100:  -3.3118841003e-13 -3.25315774319e-14 0.0108801155802
125:  -2.1071144829e-13 -3.25315774319e-14 0.00911429718515
160:  -1.28365373886e-13 -3.25315774319e-14 0.00715063612785
200:  -8.19477818936e-14 -3.25315774319e-14 0.00548703654049
250:  -5.24726928575e-14 -3.25315774319e-14 0.00449076453935
400:  -2.04125605308e-14 -3.25315774319e-14 0.00314918766626
500:  -1.30722099811e-14 -3.25315774319e-14 0.00241936005717
625:  -8.38618063881e-15 -3.25315774319e-14 0.0016038387551
800:  -5.09529918258e-15 -3.25315774319e-14 0.00151286173633
1000:  -3.25006688229e-15 -3.25315774319e-14 0.00112135243017
1250:  -2.07667216756e-15 -3.25315774319e-14 0.000918914934207
2000:  -7.97292787347e-16 -3.25315774319e-14 0.000586881306384
2500:  -5.26834131875e-16 -3.25315774319e-14 0.000418101314797
3125:  -3.36823902103e-16 -3.25315774319e-14 0.000391422362827
4000:  -2.02921013326e-16 -3.25315774319e-14 0.000249922724954
5000:  -1.27582666654e-16 -3.25315774319e-14 0.000179232398085
6250:  -7.82507392216e-17 -3.25315774319e-14 0.000165575807787
10000:  -3.03392727607e-17 -3.25315774319e-14 0.00010205730565
12500:  -1.82989734476e-17 -3.25315774319e-14 9.66224656091e-05
20000:  -7.7281063493e-18 -3.25315774319e-14 3.515314408e-05
25000:  -5.59583629434e-18 -3.25315774319e-14 1.17855556892e-05
50000:  -1.38567109176e-18 -3.25315774319e-14 2.63577205669e-06
100000:  -1.38567109176e-23 -3.25315774319e-14 0.0
